70038=116,67;116,71;117,67;117,68;117,69;117,70;117,71;118,67;118,68;118,69;118,70;118,71;119,67;119,68;119,69;119,70;119,71;
70036=101,53;101,55;102,50;102,53;102,54;102,55;103,50;103,51;103,52;103,53;103,54;103,55;104,51;104,52;104,53;104,54;104,55;105,52;105,53;105,54;
70035=84,40;85,40;85,42;86,40;86,41;86,42;87,40;87,41;87,42;
52027=72,58;72,62;73,58;73,59;73,60;73,61;73,62;74,58;74,59;74,60;74,61;74,62;
52026=77,83;77,84;78,83;78,84;79,83;79,84;
32020=82,43;82,45;83,43;83,44;83,45;84,44;84,45;
17200=66,111;66,112;67,111;67,112;
17201=90,123;90,124;91,123;91,124;
17202=114,42;114,43;115,42;115,43;116,42;116,43;
52022=91,59;91,60;92,59;92,60;
22000=82,108;82,109;83,108;83,109;84,108;
25000=46,120;46,123;47,120;47,121;47,122;47,123;48,121;48,122;48,123;
23000=92,126;92,127;93,126;93,127;
24001=92,85;92,87;93,85;93,86;93,87;94,85;94,86;
24011=76,73;76,75;76,77;77,73;77,74;77,75;77,76;77,77;78,74;78,75;
17005=65,94;65,96;66,93;66,94;66,95;66,96;67,93;67,94;67,95;67,96;68,95;
17006=92,126;92,127;93,126;93,127;
52025=75,59;75,60;75,62;76,59;76,60;76,61;76,62;77,60;
11000=43,2;43,3;44,2;44,3;
11001=74,108;75,108;
11010=89,98;
11011=50,98;
11013=74,108;75,108;
11014=98,45;99,44;99,45;100,44;100,45;
11012=108,75;
11020=90,99;90,100;91,99;91,100;91,101;92,98;92,99;92,100;92,101;93,99;93,100;93,101;94,99;94,100;
11021=73,67;73,68;74,67;74,68;75,67;75,68;76,67;76,68;
31020=73,67;73,68;74,67;74,68;75,67;75,68;76,67;76,68;
11022=50,122;50,123;51,122;51,123;52,123;
11023=82,75;82,76;83,75;83,76;
31021=82,75;82,76;83,75;83,76;
11024=60,35;60,36;60,37;61,35;61,36;61,37;
31022=60,35;60,36;60,37;61,35;61,36;61,37;
11025=51,100;51,101;51,102;52,100;52,101;52,102;53,100;53,101;53,102;
31023=51,100;51,101;51,102;52,100;52,101;52,102;53,100;53,101;53,102;
11026=99,18;99,19;99,20;100,18;100,19;100,20;
11027=67,94;68,93;68,94;69,93;69,94;
11028=75,98;75,99;76,98;76,99;76,100;77,98;77,99;
11029=91,76;91,77;92,76;92,77;
11030=99,82;99,83;100,82;100,83;101,82;101,83;
11031=106,70;107,68;107,70;107,71;108,68;108,69;108,70;108,71;
11032=106,50;106,51;107,49;107,50;107,51;108,49;108,50;108,51;109,50;
11033=79,51;79,52;79,53;80,51;80,52;80,53;81,51;81,52;81,53;82,51;82,52;82,53;83,51;83,52;83,53;
11034=97,116;97,117;97,118;97,119;98,116;98,117;98,118;98,119;99,116;99,117;99,118;99,119;100,116;100,117;100,118;100,119;101,116;101,117;101,118;101,119;
11035=92,28;92,30;93,28;93,29;93,30;94,28;94,29;
11036=76,105;
11037=72,56;72,57;72,58;72,59;72,60;72,61;72,62;72,63;73,56;73,57;73,58;73,59;73,60;73,61;73,62;73,63;74,56;74,57;74,58;74,59;74,60;74,61;74,62;74,63;75,56;75,57;75,58;75,59;75,60;75,61;75,62;75,63;76,56;76,57;76,58;76,59;76,60;76,61;76,62;76,63;77,56;77,57;77,58;77,59;77,60;77,61;77,62;77,63;78,56;78,57;78,58;78,59;78,60;78,61;78,62;78,63;79,56;79,57;79,58;79,59;79,60;79,61;79,62;79,63;80,56;80,57;80,58;80,59;80,60;80,61;80,62;80,63;
11050=82,73;82,74;83,73;83,74;
11051=82,76;83,76;
11052=77,76;
11053=78,83;78,84;
11054=85,84;85,85;86,84;86,85;
11060=98,66;98,67;98,68;98,69;99,66;99,67;99,68;99,69;100,66;100,67;100,68;100,69;
11061=40,0;40,23;41,0;41,1;41,2;41,3;41,4;41,5;41,6;41,7;41,8;41,9;41,10;41,11;41,12;41,13;41,14;41,15;41,16;41,17;41,18;41,19;41,20;41,21;41,22;41,23;42,0;42,1;42,2;42,3;42,4;42,5;42,6;42,7;42,8;42,9;42,10;42,11;42,12;42,13;42,14;42,15;42,16;42,17;42,18;42,19;42,20;42,21;42,22;42,23;43,0;43,1;43,2;43,3;43,4;43,5;43,6;43,7;43,8;43,9;43,10;43,11;43,12;43,13;43,14;43,15;43,16;43,17;43,18;43,19;43,20;43,21;43,22;43,23;44,0;44,1;44,2;44,3;44,4;44,5;44,6;44,7;44,8;44,9;44,10;44,11;44,12;44,13;44,14;44,15;44,16;44,17;44,18;44,19;44,20;44,21;44,22;44,23;45,0;45,1;45,2;45,3;45,4;45,5;45,6;45,7;45,8;45,9;45,10;45,11;45,12;45,13;45,14;45,15;45,16;45,17;45,18;45,19;45,20;45,21;45,22;45,23;46,0;46,1;46,2;46,3;46,4;46,5;46,6;46,7;46,8;46,9;46,10;46,11;46,12;46,13;46,14;46,15;46,16;46,17;46,18;46,19;46,20;46,21;46,22;46,23;47,0;47,1;47,2;47,3;47,4;47,5;47,6;47,7;47,8;47,9;47,10;47,11;47,12;47,13;47,14;47,15;47,16;47,17;47,18;47,19;47,20;47,21;47,22;47,23;48,0;48,1;48,2;48,3;48,4;48,5;48,6;48,7;48,8;48,9;48,10;48,11;48,12;48,13;48,14;48,15;48,16;48,17;48,18;48,19;48,20;48,21;48,22;48,23;49,0;49,1;49,2;49,3;49,4;49,5;49,6;49,7;49,8;49,9;49,10;49,11;49,12;49,13;49,14;49,15;49,16;49,17;49,18;49,19;49,20;49,21;49,22;49,23;50,0;50,1;50,2;50,3;50,4;50,5;50,6;50,7;50,8;50,9;50,10;50,11;50,12;50,13;50,14;50,15;50,16;50,17;50,18;50,19;50,20;50,21;50,22;50,23;51,0;51,1;51,2;51,3;51,4;51,5;51,6;51,7;51,8;51,9;51,10;51,11;51,12;51,13;51,14;51,15;51,16;51,17;51,18;51,19;51,20;51,21;51,22;51,23;52,0;52,1;52,2;52,3;52,4;52,5;52,6;52,7;52,8;52,9;52,10;52,11;52,12;52,13;52,14;52,15;52,16;52,17;52,18;52,19;52,20;52,21;52,22;52,23;53,0;53,1;53,2;53,3;53,4;53,5;53,6;53,7;53,8;53,9;53,10;53,11;53,12;53,13;53,14;53,15;53,16;53,17;53,18;53,19;53,20;53,21;53,22;53,23;54,0;54,1;54,2;54,3;54,4;54,5;54,6;54,7;54,8;54,9;54,10;54,11;54,12;54,13;54,14;54,15;54,16;54,17;54,18;54,19;54,20;54,21;54,22;54,23;55,0;55,1;55,2;55,3;55,4;55,5;55,6;55,7;55,8;55,9;55,10;55,11;55,12;55,13;55,14;55,15;55,16;55,17;55,18;55,19;55,20;55,21;55,22;55,23;56,0;56,1;56,2;56,3;56,4;56,5;56,6;56,7;56,8;56,9;56,10;56,11;56,12;56,13;56,14;56,15;56,16;56,17;56,18;56,19;56,20;56,21;56,22;56,23;57,0;57,1;57,2;57,3;57,4;57,5;57,6;57,7;57,8;57,9;57,10;57,11;57,12;57,13;57,14;57,15;57,16;57,17;57,18;57,19;57,20;57,21;57,22;57,23;58,0;58,1;58,2;58,3;58,4;58,5;58,6;58,7;58,8;58,9;58,10;58,11;58,12;58,13;58,14;58,15;58,16;58,17;58,18;58,19;58,20;58,21;58,22;58,23;59,0;59,1;59,2;59,3;59,4;59,5;59,6;59,7;59,8;59,9;59,10;59,11;59,12;59,13;59,14;59,15;59,16;59,17;59,18;59,19;59,20;59,21;59,22;59,23;60,0;60,1;60,2;60,3;60,4;60,5;60,6;60,7;60,8;60,9;60,10;60,11;60,12;60,13;60,14;60,15;60,16;60,17;60,18;60,19;60,20;60,21;60,22;60,23;61,0;61,1;61,2;61,3;61,4;61,5;61,6;61,7;61,8;61,9;61,10;61,11;61,12;61,13;61,14;61,15;61,16;61,17;61,18;61,19;61,20;61,21;61,22;61,23;62,0;62,1;62,2;62,3;62,4;62,5;62,6;62,7;62,8;62,9;62,10;62,11;62,12;62,13;62,14;62,15;62,16;62,17;62,18;62,19;62,20;62,21;62,22;62,23;63,0;63,1;63,2;63,3;63,4;63,5;63,6;63,7;63,8;63,9;63,10;63,11;63,12;63,13;63,14;63,15;63,16;63,17;63,18;63,19;63,20;63,21;63,22;63,23;
11062=113,35;
50001=66,58;66,59;67,58;67,59;
50002=41,8;41,9;42,8;42,9;43,8;43,9;
50003=46,12;46,13;47,12;47,13;
50004=41,12;41,13;42,12;42,13;42,14;43,12;43,13;43,14;
50005=49,8;49,9;50,8;50,9;51,8;51,9;
50006=51,11;51,12;52,11;52,12;
50007=49,13;50,12;50,13;51,12;51,13;
50008=48,10;48,11;49,10;49,11;
50009=52,10;53,10;
50010=54,12;54,13;55,12;55,13;
50011=52,14;52,15;53,14;53,15;
50012=44,10;45,10;
50013=40,10;40,11;41,10;41,11;
50014=44,14;44,15;45,14;45,15;46,14;
50015=50,5;
50016=51,3;51,4;52,3;52,4;
50017=52,2;53,2;
50018=54,4;54,5;55,4;55,5;
50019=52,6;52,7;53,6;53,7;
50020=48,2;49,2;
31024=48,2;49,2;
50021=50,1;
50022=43,11;43,12;44,11;44,12;
11100=82,90;
11101=67,94;68,94;
11102=68,94;
11103=68,94;
11104=68,94;
11105=51,100;51,101;
11106=51,101;
11107=51,101;51,102;
11108=52,100;
11109=52,100;52,101;
11110=76,99;
11111=76,98;76,99;
11112=76,99;
11113=115,59;
11114=91,59;91,60;92,59;92,60;93,59;93,60;
11115=108,69;
11116=108,69;
11117=107,70;
11118=108,70;
11119=107,70;
11120=107,70;
11121=91,100;
11122=91,99;92,99;
11123=92,99;
11124=91,100;91,101;
11125=91,100;91,101;92,100;92,101;
11126=107,50;
11127=107,50;
11128=108,49;
11129=108,50;
11130=81,51;
11131=81,51;
11132=81,51;
11133=81,52;
11134=81,52;
11135=81,52;
11136=81,52;
11137=92,28;92,29;93,28;93,29;
11138=93,29;
11139=93,29;
11140=93,28;93,29;
11141=105,33;106,33;
11142=71,63;71,64;72,63;72,64;
11143=85,56;85,57;86,56;86,57;
11200=66,89;66,90;66,91;66,92;67,89;67,90;67,91;67,92;68,89;68,90;68,91;68,92;
11201=76,101;76,102;76,103;76,104;77,101;77,102;77,103;77,104;78,101;78,102;78,103;78,104;
11202=98,98;98,99;98,100;99,98;99,99;99,100;100,98;100,99;100,100;101,98;101,99;101,100;
11203=90,71;90,72;90,73;90,74;91,71;91,72;91,73;91,74;92,71;92,72;92,73;92,74;93,71;93,72;93,73;93,74;
11204=106,64;106,65;106,66;106,67;106,68;107,64;107,65;107,66;107,67;107,68;108,64;108,65;108,66;108,67;108,68;109,64;109,65;109,66;109,67;109,68;
11205=99,122;99,123;99,124;99,125;99,126;100,122;100,123;100,124;100,125;100,126;101,122;101,123;101,124;101,125;101,126;
11206=106,51;106,52;106,53;106,54;107,51;107,52;107,53;107,54;108,51;108,52;108,53;108,54;109,51;109,52;109,53;109,54;
11207=73,50;73,51;73,52;73,53;74,50;74,51;74,52;74,53;75,50;75,51;75,52;75,53;76,50;76,51;76,52;76,53;77,50;77,51;77,52;77,53;78,50;78,51;78,52;78,53;
11208=89,25;89,26;89,27;89,28;90,25;90,26;90,27;90,28;91,25;91,26;91,27;91,28;92,25;92,26;92,27;92,28;
27777=114,59;114,60;115,59;115,60;116,59;116,60;
27778=85,55;85,57;86,55;86,56;86,57;87,56;87,57;
27779=82,90;82,91;83,90;83,91;
27780=91,59;91,60;92,59;92,60;93,59;93,60;
17000=72,56;72,58;73,55;73,56;73,57;73,58;74,55;74,56;74,57;74,58;75,55;75,56;75,57;75,58;
17001=73,63;
17002=107,75;108,75;109,75;
17003=97,90;
17004=43,19;43,20;44,19;44,20;
18000=114,90;114,91;114,92;114,93;115,90;115,91;115,92;115,93;116,90;116,91;116,92;116,93;117,90;117,91;117,92;117,93;
18001=99,67;99,68;100,67;100,68;
18002=120,33;120,34;120,35;120,36;120,37;120,38;121,33;121,34;121,35;121,36;121,37;121,38;122,33;122,34;122,35;122,36;122,37;122,38;123,33;123,34;123,35;123,36;123,37;123,38;124,33;124,34;124,35;124,36;124,37;124,38;125,33;125,34;125,35;125,36;125,37;125,38;126,33;126,34;126,35;126,36;126,37;126,38;
18003=66,108;67,108;
18004=116,42;116,43;117,42;117,43;118,42;118,43;
18005=115,42;116,42;117,42;118,42;
18006=114,43;114,46;115,43;115,44;115,45;115,46;
18007=114,42;
18009=84,116;84,118;85,116;85,117;85,118;86,116;86,117;86,118;
13002=123,35;123,36;124,35;124,36;
13003=123,36;
13004=123,36;
13005=123,36;
13006=123,36;
13007=123,36;
13008=124,36;
13009=124,36;
13010=124,36;
13011=124,35;
13012=124,35;
13013=124,35;
13014=124,35;
13015=124,35;
13016=123,35;124,35;
13017=123,35;124,35;
13018=123,35;
13019=123,35;
13020=123,35;
13021=123,36;
13022=113,35;
13023=114,35;
13024=116,35;
13025=118,36;
13026=118,37;
13027=118,37;
13028=117,37;
13029=118,35;
13201=106,37;
13202=106,38;
13203=107,38;
13204=109,37;
13205=109,38;110,38;
13206=110,37;
13207=109,35;
13208=109,36;
13209=110,35;
13210=107,36;108,36;
13034=106,57;107,57;107,58;107,59;107,60;107,61;108,57;108,58;108,59;108,60;108,61;
13035=108,60;108,61;108,62;109,60;109,61;109,62;
13036=107,61;107,62;
13037=106,61;
13038=106,59;106,60;107,59;107,60;
13039=106,58;107,58;
13040=76,90;
13041=89,52;
13042=89,52;
13043=89,53;90,53;
13044=89,53;90,53;
13045=90,53;
13046=90,53;
13047=91,53;
13048=91,53;
13049=91,53;92,53;92,54;
13050=91,53;92,53;92,54;
13051=91,52;91,53;92,52;92,53;
13052=91,52;91,53;92,52;92,53;
13053=93,51;94,51;
13054=93,51;94,51;
13055=94,51;
13056=94,51;
13057=94,51;95,51;
13058=94,51;95,51;
13059=94,50;95,50;
13060=94,50;95,50;
13061=93,49;
13062=93,49;
13063=92,48;
13064=92,48;
13065=91,48;
13066=91,48;
13067=92,49;
13068=92,49;
13069=90,48;
13070=90,48;
13071=92,51;
13072=92,51;
13073=91,51;
13074=91,51;
13075=90,49;91,49;
13076=90,49;91,49;
13077=108,65;
13078=108,65;
13079=107,65;
13080=107,65;
13081=108,52;
13082=108,52;
13083=107,52;
13084=107,52;
13085=100,99;
13086=100,99;
13087=100,99;101,99;
13088=100,99;101,99;
13089=91,73;
13090=91,73;
13091=92,72;
13092=92,72;
13093=77,102;
13094=77,102;
13095=77,103;
13096=77,103;
13097=67,90;
13098=67,90;
13099=67,91;
13100=67,91;
13101=100,124;
13102=100,124;
13103=100,125;
13104=100,125;
13105=75,52;
13106=75,52;
13107=75,51;
13108=75,51;
13109=91,26;
13110=91,26;
13111=90,27;
13112=90,27;
13113=82,67;82,68;83,67;83,68;
12000=89,51;90,51;
12001=89,51;90,51;
12002=89,50;
12003=89,50;
12004=89,50;90,50;
12005=89,50;90,50;
12006=92,50;
12007=92,50;
12008=91,50;92,50;
12009=91,50;92,50;
12010=91,49;
12011=91,49;
16000=106,64;106,66;106,67;107,64;107,65;107,66;107,67;108,64;108,66;108,67;109,64;109,65;109,66;109,67;
16001=106,52;106,53;107,52;107,53;107,54;108,52;108,53;108,54;109,52;109,53;
16002=98,98;98,99;99,98;99,99;99,100;100,98;100,99;100,100;101,98;101,99;101,100;
16003=90,72;90,73;91,72;91,73;91,74;92,72;92,73;92,74;93,72;93,73;
16004=76,101;76,102;76,103;77,101;77,102;77,103;78,101;78,102;78,103;
16005=66,90;66,92;67,90;67,91;67,92;68,90;68,91;68,92;69,90;
16006=99,122;99,123;99,125;100,122;100,123;100,124;100,125;101,123;101,124;
16007=76,52;
16008=89,26;89,27;90,26;90,27;90,28;91,26;91,27;91,28;92,26;92,27;
16019=115,60;
16020=85,56;86,56;
19000=107,64;108,64;
19001=107,51;
19002=108,51;
19003=100,99;
19004=92,73;
19005=77,103;
19006=67,90;
19007=100,125;
19008=74,51;
19009=90,26;
19010=91,26;
60000=107,64;107,65;108,64;108,65;
60001=107,52;108,52;
60002=100,99;
60003=92,73;
60004=76,103;77,103;
60005=67,90;68,90;
60006=99,124;100,124;
60007=74,52;
60008=90,27;
50026=66,58;66,59;67,58;67,59;
50027=42,8;42,9;43,8;43,9;
50028=46,12;46,13;47,12;47,13;
50029=42,13;43,13;
50030=50,8;50,9;51,8;51,9;
50031=50,13;51,13;
50032=48,10;48,11;49,10;49,11;
50033=52,10;53,10;
50034=54,12;54,13;55,12;55,13;
40000=40,87;40,88;40,89;40,90;40,91;40,92;40,93;40,94;40,95;41,87;41,88;41,89;41,90;41,91;41,92;41,93;41,94;41,95;42,87;42,88;42,89;42,90;42,91;42,92;42,93;42,94;42,95;43,87;43,88;43,89;43,90;43,91;43,92;43,93;43,94;43,95;44,87;44,88;44,89;44,90;44,91;44,92;44,93;44,94;44,95;45,87;45,88;45,89;45,90;45,91;45,92;45,93;45,94;45,95;46,87;46,88;46,89;46,90;46,91;46,92;46,93;46,94;46,95;47,87;47,88;47,89;47,90;47,91;47,92;47,93;47,94;47,95;48,87;48,88;48,89;48,90;48,91;48,92;48,93;48,94;48,95;
40001=40,95;40,96;40,97;40,98;40,99;40,100;40,101;40,102;40,103;40,104;41,95;41,96;41,97;41,98;41,99;41,100;41,101;41,102;41,103;41,104;42,95;42,96;42,97;42,98;42,99;42,100;42,101;42,102;42,103;42,104;43,95;43,96;43,97;43,98;43,99;43,100;43,101;43,102;43,103;43,104;44,95;44,96;44,97;44,98;44,99;44,100;44,101;44,102;44,103;44,104;45,95;45,96;45,97;45,98;45,99;45,100;45,101;45,102;45,103;45,104;46,95;46,96;46,97;46,98;46,99;46,100;46,101;46,102;46,103;46,104;47,95;47,96;47,97;47,98;47,99;47,100;47,101;47,102;47,103;47,104;48,95;48,96;48,97;48,98;48,99;48,100;48,101;48,102;48,103;48,104;
40002=40,103;40,104;40,105;40,106;40,107;40,108;40,109;40,110;40,111;40,112;41,103;41,104;41,105;41,106;41,107;41,108;41,109;41,110;41,111;41,112;42,103;42,104;42,105;42,106;42,107;42,108;42,109;42,110;42,111;42,112;43,103;43,104;43,105;43,106;43,107;43,108;43,109;43,110;43,111;43,112;44,103;44,104;44,105;44,106;44,107;44,108;44,109;44,110;44,111;44,112;45,103;45,104;45,105;45,106;45,107;45,108;45,109;45,110;45,111;45,112;46,103;46,104;46,105;46,106;46,107;46,108;46,109;46,110;46,111;46,112;47,103;47,104;47,105;47,106;47,107;47,108;47,109;47,110;47,111;47,112;48,103;48,104;48,105;48,106;48,107;48,108;48,109;48,110;48,111;48,112;
40003=39,111;39,112;39,113;39,114;39,115;39,116;39,117;39,118;39,119;40,111;40,112;40,113;40,114;40,115;40,116;40,117;40,118;40,119;41,111;41,112;41,113;41,114;41,115;41,116;41,117;41,118;41,119;42,111;42,112;42,113;42,114;42,115;42,116;42,117;42,118;42,119;43,111;43,112;43,113;43,114;43,115;43,116;43,117;43,118;43,119;44,111;44,112;44,113;44,114;44,115;44,116;44,117;44,118;44,119;45,111;45,112;45,113;45,114;45,115;45,116;45,117;45,118;45,119;46,111;46,112;46,113;46,114;46,115;46,116;46,117;46,118;46,119;47,111;47,112;47,113;47,114;47,115;47,116;47,117;47,118;47,119;48,111;48,112;48,113;48,114;48,115;48,116;48,117;48,118;48,119;
40004=39,121;39,122;39,123;39,124;39,125;39,126;39,127;39,128;40,121;40,122;40,123;40,124;40,125;40,126;40,127;40,128;41,121;41,122;41,123;41,124;41,125;41,126;41,127;41,128;42,121;42,122;42,123;42,124;42,125;42,126;42,127;42,128;43,121;43,122;43,123;43,124;43,125;43,126;43,127;43,128;44,121;44,122;44,123;44,124;44,125;44,126;44,127;44,128;45,121;45,122;45,123;45,124;45,125;45,126;45,127;45,128;46,121;46,122;46,123;46,124;46,125;46,126;46,127;46,128;47,121;47,122;47,123;47,124;47,125;47,126;47,127;47,128;48,121;48,122;48,123;48,124;48,125;48,126;48,127;48,128;
40005=48,79;48,80;48,81;48,82;48,83;48,84;48,85;48,86;48,87;48,88;49,79;49,80;49,81;49,82;49,83;49,84;49,85;49,86;49,87;49,88;50,79;50,80;50,81;50,82;50,83;50,84;50,85;50,86;50,87;50,88;51,79;51,80;51,81;51,82;51,83;51,84;51,85;51,86;51,87;51,88;
40006=51,79;51,80;51,81;51,82;51,83;52,79;52,80;52,81;52,82;52,83;53,79;53,80;53,81;53,82;53,83;54,79;54,80;54,81;54,82;54,83;55,79;55,80;55,81;55,82;55,83;56,79;56,80;56,81;56,82;56,83;
40007=51,85;
40008=51,85;
40009=47,93;47,94;47,95;47,96;48,93;48,94;48,95;48,96;49,93;49,94;49,95;49,96;50,93;50,94;50,95;50,96;
40010=47,87;47,88;48,87;48,88;
40011=55,95;55,96;56,95;56,96;
40012=51,91;
40013=51,91;52,91;
40014=47,95;47,96;47,97;47,98;47,99;47,100;47,101;47,102;47,103;47,104;48,95;48,96;48,97;48,98;48,99;48,100;48,101;48,102;48,103;48,104;49,95;49,96;49,97;49,98;49,99;49,100;49,101;49,102;49,103;49,104;50,95;50,96;50,97;50,98;50,99;50,100;50,101;50,102;50,103;50,104;51,95;51,96;51,97;51,98;51,99;51,100;51,101;51,102;51,103;51,104;52,95;52,96;52,97;52,98;52,99;52,100;52,101;52,102;52,103;52,104;
40015=54,95;54,96;54,97;54,98;55,95;55,96;55,97;55,98;56,95;56,96;56,97;56,98;
40016=47,103;47,104;47,105;47,106;47,107;47,108;47,109;47,110;47,111;47,112;48,103;48,104;48,105;48,106;48,107;48,108;48,109;48,110;48,111;48,112;49,103;49,104;49,105;49,106;49,107;49,108;49,109;49,110;49,111;49,112;50,103;50,104;50,105;50,106;50,107;50,108;50,109;50,110;50,111;50,112;51,103;51,104;51,105;51,106;51,107;51,108;51,109;51,110;51,111;51,112;52,103;52,104;52,105;52,106;52,107;52,108;52,109;52,110;52,111;52,112;53,103;53,104;53,105;53,106;53,107;53,108;53,109;53,110;53,111;53,112;54,103;54,104;54,105;54,106;54,107;54,108;54,109;54,110;54,111;54,112;55,103;55,104;55,105;55,106;55,107;55,108;55,109;55,110;55,111;55,112;56,103;56,104;56,105;56,106;56,107;56,108;56,109;56,110;56,111;56,112;
40017=48,111;48,112;48,113;48,114;48,115;48,116;48,117;48,118;48,119;48,120;49,111;49,112;49,113;49,114;49,115;49,116;49,117;49,118;49,119;49,120;50,111;50,112;50,113;50,114;50,115;50,116;50,117;50,118;50,119;50,120;51,111;51,112;51,113;51,114;51,115;51,116;51,117;51,118;51,119;51,120;52,111;52,112;52,113;52,114;52,115;52,116;52,117;52,118;52,119;52,120;53,111;53,112;53,113;53,114;53,115;53,116;53,117;53,118;53,119;53,120;54,111;54,112;54,113;54,114;54,115;54,116;54,117;54,118;54,119;54,120;55,111;55,112;55,113;55,114;55,115;55,116;55,117;55,118;55,119;55,120;56,111;56,112;56,113;56,114;56,115;56,116;56,117;56,118;56,119;56,120;
40018=48,119;48,120;48,121;48,122;48,123;48,124;48,125;48,126;48,127;49,119;49,120;49,121;49,122;49,123;49,124;49,125;49,126;49,127;50,119;50,120;50,121;50,122;50,123;50,124;50,125;50,126;50,127;51,119;51,120;51,121;51,122;51,123;51,124;51,125;51,126;51,127;52,119;52,120;52,121;52,122;52,123;52,124;52,125;52,126;52,127;53,119;53,120;53,121;53,122;53,123;53,124;53,125;53,126;53,127;54,119;54,120;54,121;54,122;54,123;54,124;54,125;54,126;54,127;55,119;55,120;55,121;55,122;55,123;55,124;55,125;55,126;55,127;56,119;56,120;56,121;56,122;56,123;56,124;56,125;56,126;56,127;
40019=55,38;55,39;55,40;56,38;56,39;56,40;57,38;57,39;57,40;58,38;58,39;58,40;59,38;59,39;59,40;60,38;60,39;60,40;61,38;61,39;61,40;62,38;62,39;62,40;63,38;63,39;63,40;64,38;64,39;64,40;
40020=55,71;55,72;55,73;55,74;55,75;55,76;55,77;55,78;55,79;56,71;56,72;56,73;56,74;56,75;56,76;56,77;56,78;56,79;57,71;57,72;57,73;57,74;57,75;57,76;57,77;57,78;57,79;58,71;58,72;58,73;58,74;58,75;58,76;58,77;58,78;58,79;59,71;59,72;59,73;59,74;59,75;59,76;59,77;59,78;59,79;
40021=59,71;59,72;59,73;60,71;60,72;60,73;61,71;61,72;61,73;62,71;62,72;62,73;63,71;63,72;63,73;64,71;64,72;64,73;
40022=55,79;55,80;55,81;55,82;56,79;56,80;56,81;56,82;57,79;57,80;57,81;57,82;58,79;58,80;58,81;58,82;
40023=58,83;
40024=58,83;
40025=55,93;55,94;55,95;55,96;56,93;56,94;56,95;56,96;57,93;57,94;57,95;57,96;58,93;58,94;58,95;58,96;59,93;59,94;59,95;59,96;
40026=55,91;55,92;55,93;56,91;56,92;56,93;57,91;57,92;57,93;
40027=55,95;55,96;55,97;55,98;56,95;56,96;56,97;56,98;
40028=56,95;56,96;57,95;57,96;58,95;58,96;
40029=55,110;55,111;55,112;56,110;56,111;56,112;57,110;57,111;57,112;58,110;58,111;58,112;
40030=56,107;56,110;
40031=58,108;59,108;
40032=58,108;58,109;59,108;59,109;
40033=61,114;
40034=55,111;55,112;55,113;55,114;55,115;55,116;55,117;55,118;55,119;55,120;56,111;56,112;56,113;56,114;56,115;56,116;56,117;56,118;56,119;56,120;57,111;57,112;57,113;57,114;57,115;57,116;57,117;57,118;57,119;57,120;58,111;58,112;58,113;58,114;58,115;58,116;58,117;58,118;58,119;58,120;
40035=58,117;58,118;58,119;58,120;59,117;59,118;59,119;59,120;60,117;60,118;60,119;60,120;61,117;61,118;61,119;61,120;62,117;62,118;62,119;62,120;63,117;63,118;63,119;63,120;64,117;64,118;64,119;64,120;
40036=61,115;61,116;61,117;62,115;62,116;62,117;63,115;63,116;63,117;64,115;64,116;64,117;
40037=58,115;58,116;58,117;59,115;59,116;59,117;60,115;60,116;60,117;
40038=58,113;58,114;58,115;59,113;59,114;59,115;60,113;60,114;60,115;
40039=60,115;60,116;60,117;61,115;61,116;61,117;
40040=61,114;
40041=55,119;55,120;55,121;55,122;55,123;55,124;55,125;55,126;55,127;56,119;56,120;56,121;56,122;56,123;56,124;56,125;56,126;56,127;57,119;57,120;57,121;57,122;57,123;57,124;57,125;57,126;57,127;58,119;58,120;58,121;58,122;58,123;58,124;58,125;58,126;58,127;59,119;59,120;59,121;59,122;59,123;59,124;59,125;59,126;59,127;60,119;60,120;60,121;60,122;60,123;60,124;60,125;60,126;60,127;61,119;61,120;61,121;61,122;61,123;61,124;61,125;61,126;61,127;62,119;62,120;62,121;62,122;62,123;62,124;62,125;62,126;62,127;63,119;63,120;63,121;63,122;63,123;63,124;63,125;63,126;63,127;64,119;64,120;64,121;64,122;64,123;64,124;64,125;64,126;64,127;
40042=64,39;
40043=63,39;63,40;63,41;63,42;63,43;63,44;63,45;63,46;63,47;63,48;64,39;64,40;64,41;64,42;64,43;64,44;64,45;64,46;64,47;64,48;65,39;65,40;65,41;65,42;65,43;65,44;65,45;65,46;65,47;65,48;66,39;66,40;66,41;66,42;66,43;66,44;66,45;66,46;66,47;66,48;67,39;67,40;67,41;67,42;67,43;67,44;67,45;67,46;67,47;67,48;68,39;68,40;68,41;68,42;68,43;68,44;68,45;68,46;68,47;68,48;69,39;69,40;69,41;69,42;69,43;69,44;69,45;69,46;69,47;69,48;70,39;70,40;70,41;70,42;70,43;70,44;70,45;70,46;70,47;70,48;71,39;71,40;71,41;71,42;71,43;71,44;71,45;71,46;71,47;71,48;72,39;72,40;72,41;72,42;72,43;72,44;72,45;72,46;72,47;72,48;
40044=63,63;63,64;63,65;63,66;63,67;63,68;63,69;63,70;63,71;63,72;64,63;64,64;64,65;64,66;64,67;64,68;64,69;64,70;64,71;64,72;65,63;65,64;65,65;65,66;65,67;65,68;65,69;65,70;65,71;65,72;66,63;66,64;66,65;66,66;66,67;66,68;66,69;66,70;66,71;66,72;
40045=66,67;
40046=66,67;
40047=66,63;66,64;66,65;66,66;66,67;67,63;67,64;67,65;67,66;67,67;68,63;68,64;68,65;68,66;68,67;69,63;69,64;69,65;69,66;69,67;70,63;70,64;70,65;70,66;70,67;71,63;71,64;71,65;71,66;71,67;72,63;72,64;72,65;72,66;72,67;
40048=68,78;68,79;68,80;69,78;69,79;69,80;70,78;70,79;70,80;
40049=70,78;70,79;71,78;71,79;
40050=66,79;66,80;66,81;66,82;66,83;66,84;66,85;66,86;66,87;66,88;67,79;67,80;67,81;67,82;67,83;67,84;67,85;67,86;67,87;67,88;68,79;68,80;68,81;68,82;68,83;68,84;68,85;68,86;68,87;68,88;69,79;69,80;69,81;69,82;69,83;69,84;69,85;69,86;69,87;69,88;70,79;70,80;70,81;70,82;70,83;70,84;70,85;70,86;70,87;70,88;71,79;71,80;71,81;71,82;71,83;71,84;71,85;71,86;71,87;71,88;72,79;72,80;72,81;72,82;72,83;72,84;72,85;72,86;72,87;72,88;
40051=65,82;
40052=65,82;66,82;
40053=65,87;65,88;65,89;65,90;65,91;65,92;65,93;65,94;65,95;65,96;66,87;66,88;66,89;66,90;66,91;66,92;66,93;66,94;66,95;66,96;67,87;67,88;67,89;67,90;67,91;67,92;67,93;67,94;67,95;67,96;68,87;68,88;68,89;68,90;68,91;68,92;68,93;68,94;68,95;68,96;69,87;69,88;69,89;69,90;69,91;69,92;69,93;69,94;69,95;69,96;70,87;70,88;70,89;70,90;70,91;70,92;70,93;70,94;70,95;70,96;71,87;71,88;71,89;71,90;71,91;71,92;71,93;71,94;71,95;71,96;72,87;72,88;72,89;72,90;72,91;72,92;72,93;72,94;72,95;72,96;
40054=63,115;63,116;63,117;63,118;63,119;63,120;64,115;64,116;64,117;64,118;64,119;64,120;65,115;65,116;65,117;65,118;65,119;65,120;66,115;66,116;66,117;66,118;66,119;66,120;67,115;67,116;67,117;67,118;67,119;67,120;68,115;68,116;68,117;68,118;68,119;68,120;69,115;69,116;69,117;69,118;69,119;69,120;
40055=69,111;69,112;69,113;69,114;69,115;69,116;69,117;69,118;69,119;69,120;70,111;70,112;70,113;70,114;70,115;70,116;70,117;70,118;70,119;70,120;71,111;71,112;71,113;71,114;71,115;71,116;71,117;71,118;71,119;71,120;72,111;72,112;72,113;72,114;72,115;72,116;72,117;72,118;72,119;72,120;
40056=63,119;63,120;63,121;63,122;63,123;63,124;63,125;63,126;63,127;63,128;64,119;64,120;64,121;64,122;64,123;64,124;64,125;64,126;64,127;64,128;65,119;65,120;65,121;65,122;65,123;65,124;65,125;65,126;65,127;65,128;66,119;66,120;66,121;66,122;66,123;66,124;66,125;66,126;66,127;66,128;67,119;67,120;67,121;67,122;67,123;67,124;67,125;67,126;67,127;67,128;68,119;68,120;68,121;68,122;68,123;68,124;68,125;68,126;68,127;68,128;69,119;69,120;69,121;69,122;69,123;69,124;69,125;69,126;69,127;69,128;70,119;70,120;70,121;70,122;70,123;70,124;70,125;70,126;70,127;70,128;71,119;71,120;71,121;71,122;71,123;71,124;71,125;71,126;71,127;71,128;72,119;72,120;72,121;72,122;72,123;72,124;72,125;72,126;72,127;72,128;
40057=71,46;71,47;71,48;72,46;72,47;72,48;73,46;73,47;73,48;
40058=71,63;71,64;71,65;72,63;72,64;72,65;73,63;73,64;73,65;74,63;74,64;74,65;75,63;75,64;75,65;76,63;76,64;76,65;77,63;77,64;77,65;78,63;78,64;78,65;79,63;79,64;79,65;80,63;80,64;80,65;
40059=71,71;71,72;71,73;71,74;71,75;71,76;71,77;71,78;71,79;71,80;72,71;72,72;72,73;72,74;72,75;72,76;72,77;72,78;72,79;72,80;73,71;73,72;73,73;73,74;73,75;73,76;73,77;73,78;73,79;73,80;74,71;74,72;74,73;74,74;74,75;74,76;74,77;74,78;74,79;74,80;75,71;75,72;75,73;75,74;75,75;75,76;75,77;75,78;75,79;75,80;76,71;76,72;76,73;76,74;76,75;76,76;76,77;76,78;76,79;76,80;77,71;77,72;77,73;77,74;77,75;77,76;77,77;77,78;77,79;77,80;78,71;78,72;78,73;78,74;78,75;78,76;78,77;78,78;78,79;78,80;79,71;79,72;79,73;79,74;79,75;79,76;79,77;79,78;79,79;79,80;80,71;80,72;80,73;80,74;80,75;80,76;80,77;80,78;80,79;80,80;
40060=71,82;71,83;71,84;71,85;71,86;71,87;71,88;72,82;72,83;72,84;72,85;72,86;72,87;72,88;
40061=73,79;73,80;73,81;74,79;74,80;74,81;75,79;75,80;75,81;76,79;76,80;76,81;77,79;77,80;77,81;78,79;78,80;78,81;79,79;79,80;79,81;80,79;80,80;80,81;
40062=71,80;71,81;72,80;72,81;73,80;73,81;
40063=71,87;71,88;71,89;71,90;71,91;71,92;71,93;71,94;71,95;71,96;72,87;72,88;72,89;72,90;72,91;72,92;72,93;72,94;72,95;72,96;73,87;73,88;73,89;73,90;73,91;73,92;73,93;73,94;73,95;73,96;
40064=71,95;71,96;71,97;71,98;71,99;71,100;71,101;71,102;71,103;71,104;72,95;72,96;72,97;72,98;72,99;72,100;72,101;72,102;72,103;72,104;73,95;73,96;73,97;73,98;73,99;73,100;73,101;73,102;73,103;73,104;
40065=71,103;71,104;71,105;71,106;71,107;71,108;71,109;71,110;71,111;71,112;72,103;72,104;72,105;72,106;72,107;72,108;72,109;72,110;72,111;72,112;73,103;73,104;73,105;73,106;73,107;73,108;73,109;73,110;73,111;73,112;74,103;74,104;74,105;74,106;74,107;74,108;74,109;74,110;74,111;74,112;75,103;75,104;75,105;75,106;75,107;75,108;75,109;75,110;75,111;75,112;76,103;76,104;76,105;76,106;76,107;76,108;76,109;76,110;76,111;76,112;77,103;77,104;77,105;77,106;77,107;77,108;77,109;77,110;77,111;77,112;78,103;78,104;78,105;78,106;78,107;78,108;78,109;78,110;78,111;78,112;79,103;79,104;79,105;79,106;79,107;79,108;79,109;79,110;79,111;79,112;80,103;80,104;80,105;80,106;80,107;80,108;80,109;80,110;80,111;80,112;
40066=71,111;71,112;71,113;71,114;71,115;71,116;71,117;71,118;71,119;71,120;72,111;72,112;72,113;72,114;72,115;72,116;72,117;72,118;72,119;72,120;73,111;73,112;73,113;73,114;73,115;73,116;73,117;73,118;73,119;73,120;74,111;74,112;74,113;74,114;74,115;74,116;74,117;74,118;74,119;74,120;75,111;75,112;75,113;75,114;75,115;75,116;75,117;75,118;75,119;75,120;76,111;76,112;76,113;76,114;76,115;76,116;76,117;76,118;76,119;76,120;77,111;77,112;77,113;77,114;77,115;77,116;77,117;77,118;77,119;77,120;78,111;78,112;78,113;78,114;78,115;78,116;78,117;78,118;78,119;78,120;79,111;79,112;79,113;79,114;79,115;79,116;79,117;79,118;79,119;79,120;
40067=79,63;79,64;79,65;79,66;80,63;80,64;80,65;80,66;81,63;81,64;81,65;81,66;82,63;82,64;82,65;82,66;83,63;83,64;83,65;83,66;84,63;84,64;84,65;84,66;85,63;85,64;85,65;85,66;86,63;86,64;86,65;86,66;87,63;87,64;87,65;87,66;88,63;88,64;88,65;88,66;
40068=79,71;79,72;79,73;79,74;79,75;79,76;79,77;79,78;79,79;80,71;80,72;80,73;80,74;80,75;80,76;80,77;80,78;80,79;81,71;81,72;81,73;81,74;81,75;81,76;81,77;81,78;81,79;82,71;82,72;82,73;82,74;82,75;82,76;82,77;82,78;82,79;83,71;83,72;83,73;83,74;83,75;83,76;83,77;83,78;83,79;84,71;84,72;84,73;84,74;84,75;84,76;84,77;84,78;84,79;85,71;85,72;85,73;85,74;85,75;85,76;85,77;85,78;85,79;86,71;86,72;86,73;86,74;86,75;86,76;86,77;86,78;86,79;
40069=79,79;79,80;79,81;79,82;79,83;79,84;79,85;79,86;80,79;80,80;80,81;80,82;80,83;80,84;80,85;80,86;81,79;81,80;81,81;81,82;81,83;81,84;81,85;81,86;82,79;82,80;82,81;82,82;82,83;82,84;82,85;82,86;83,79;83,80;83,81;83,82;83,83;83,84;83,85;83,86;84,79;84,80;84,81;84,82;84,83;84,84;84,85;84,86;85,79;85,80;85,81;85,82;85,83;85,84;85,85;85,86;86,79;86,80;86,81;86,82;86,83;86,84;86,85;86,86;87,79;87,80;87,81;87,82;87,83;87,84;87,85;87,86;
40070=87,81;87,82;88,81;88,82;
40071=82,92;82,93;82,94;83,92;83,93;83,94;84,92;84,93;84,94;
40072=83,92;84,92;
40073=83,91;83,92;84,91;84,92;
40074=84,92;
40075=83,92;84,92;
40076=82,94;82,95;83,94;83,95;
40077=82,94;82,95;83,94;83,95;
40078=82,98;82,99;82,100;82,101;83,98;83,99;83,100;83,101;84,98;84,99;84,100;84,101;
40079=81,99;
40080=81,99;82,99;
40081=79,108;79,109;79,110;79,111;80,108;80,109;80,110;80,111;81,108;81,109;81,110;81,111;82,108;82,109;82,110;82,111;83,108;83,109;83,110;83,111;84,108;84,109;84,110;84,111;85,108;85,109;85,110;85,111;86,108;86,109;86,110;86,111;87,108;87,109;87,110;87,111;88,108;88,109;88,110;88,111;
40082=79,106;79,107;79,108;80,106;80,107;80,108;81,106;81,107;81,108;82,106;82,107;82,108;
40083=86,106;86,107;86,108;87,106;87,107;87,108;88,106;88,107;88,108;
40084=82,105;
40085=82,105;
40086=79,111;79,112;79,113;79,114;79,115;79,116;79,117;79,118;79,119;79,120;80,111;80,112;80,113;80,114;80,115;80,116;80,117;80,118;80,119;80,120;81,111;81,112;81,113;81,114;81,115;81,116;81,117;81,118;81,119;81,120;82,111;82,112;82,113;82,114;82,115;82,116;82,117;82,118;82,119;82,120;83,111;83,112;83,113;83,114;83,115;83,116;83,117;83,118;83,119;83,120;84,111;84,112;84,113;84,114;84,115;84,116;84,117;84,118;84,119;84,120;85,111;85,112;85,113;85,114;85,115;85,116;85,117;85,118;85,119;85,120;86,111;86,112;86,113;86,114;86,115;86,116;86,117;86,118;86,119;86,120;87,111;87,112;87,113;87,114;87,115;87,116;87,117;87,118;87,119;87,120;88,111;88,112;88,113;88,114;88,115;88,116;88,117;88,118;88,119;88,120;
40087=87,65;87,66;87,67;87,68;87,69;87,70;87,71;87,72;88,65;88,66;88,67;88,68;88,69;88,70;88,71;88,72;89,65;89,66;89,67;89,68;89,69;89,70;89,71;89,72;90,65;90,66;90,67;90,68;90,69;90,70;90,71;90,72;
40088=90,70;90,71;90,72;91,70;91,71;91,72;92,70;92,71;92,72;93,70;93,71;93,72;94,70;94,71;94,72;95,70;95,71;95,72;96,70;96,71;96,72;
40089=92,71;92,72;92,73;92,74;92,75;92,76;92,77;93,71;93,72;93,73;93,74;93,75;93,76;93,77;94,71;94,72;94,73;94,74;94,75;94,76;94,77;
40090=87,86;87,87;87,88;88,86;88,87;88,88;89,86;89,87;89,88;90,86;90,87;90,88;91,86;91,87;91,88;92,86;92,87;92,88;93,86;93,87;93,88;94,86;94,87;94,88;95,86;95,87;95,88;96,86;96,87;96,88;
40091=87,81;87,82;87,83;87,84;87,85;87,86;88,81;88,82;88,83;88,84;88,85;88,86;89,81;89,82;89,83;89,84;89,85;89,86;
40092=90,83;
40093=90,83;
40094=91,98;91,99;91,100;91,101;91,102;91,103;91,104;92,98;92,99;92,100;92,101;92,102;92,103;92,104;93,98;93,99;93,100;93,101;93,102;93,103;93,104;94,98;94,99;94,100;94,101;94,102;94,103;94,104;95,98;95,99;95,100;95,101;95,102;95,103;95,104;96,98;96,99;96,100;96,101;96,102;96,103;96,104;
40095=87,103;87,104;87,105;87,106;87,107;87,108;87,109;87,110;87,111;87,112;88,103;88,104;88,105;88,106;88,107;88,108;88,109;88,110;88,111;88,112;89,103;89,104;89,105;89,106;89,107;89,108;89,109;89,110;89,111;89,112;90,103;90,104;90,105;90,106;90,107;90,108;90,109;90,110;90,111;90,112;
40096=90,103;90,104;90,105;90,106;91,103;91,104;91,105;91,106;92,103;92,104;92,105;92,106;
40097=90,106;90,107;91,106;91,107;92,106;92,107;
40098=90,107;90,108;91,107;91,108;
40099=94,103;94,104;95,103;95,104;96,103;96,104;
40100=95,104;95,105;95,106;95,107;95,108;95,109;95,110;95,111;96,104;96,105;96,106;96,107;96,108;96,109;96,110;96,111;
40101=94,106;94,107;94,108;94,109;95,106;95,107;95,108;95,109;
40102=94,111;94,112;95,111;95,112;96,111;96,112;
40103=94,118;94,119;94,120;95,118;95,119;95,120;96,118;96,119;96,120;
40104=94,111;94,112;94,113;95,111;95,112;95,113;96,111;96,112;96,113;
40105=87,111;87,112;88,111;88,112;89,111;89,112;90,111;90,112;
40106=89,118;89,119;89,120;90,118;90,119;90,120;91,118;91,119;91,120;
40107=87,112;87,113;87,114;87,115;87,116;87,117;87,118;87,119;87,120;88,112;88,113;88,114;88,115;88,116;88,117;88,118;88,119;88,120;89,112;89,113;89,114;89,115;89,116;89,117;89,118;89,119;89,120;
40108=89,112;89,113;89,114;89,115;89,116;89,117;89,118;90,112;90,113;90,114;90,115;90,116;90,117;90,118;91,112;91,113;91,114;91,115;91,116;91,117;91,118;
40109=91,118;91,119;91,120;92,118;92,119;92,120;93,118;93,119;93,120;94,118;94,119;94,120;
40110=91,113;91,114;91,115;91,116;91,117;91,118;92,113;92,114;92,115;92,116;92,117;92,118;93,113;93,114;93,115;93,116;93,117;93,118;94,113;94,114;94,115;94,116;94,117;94,118;95,113;95,114;95,115;95,116;95,117;95,118;96,113;96,114;96,115;96,116;96,117;96,118;
40111=91,111;91,112;91,113;92,111;92,112;92,113;93,111;93,112;93,113;94,111;94,112;94,113;
40112=91,115;
40113=91,115;
40114=91,115;91,118;
40115=91,113;91,114;
40116=91,124;91,125;91,126;92,124;92,125;92,126;93,124;93,125;93,126;
40117=92,122;92,123;93,122;93,123;
40118=92,122;92,123;
40119=91,123;91,124;92,123;92,124;
40120=91,127;92,127;
40121=87,119;87,120;87,121;87,122;87,123;87,124;87,125;87,126;87,127;87,128;88,119;88,120;88,121;88,122;88,123;88,124;88,125;88,126;88,127;88,128;89,119;89,120;89,121;89,122;89,123;89,124;89,125;89,126;89,127;89,128;90,119;90,120;90,121;90,122;90,123;90,124;90,125;90,126;90,127;90,128;91,119;91,120;91,121;91,122;91,123;91,124;91,125;91,126;91,127;91,128;92,119;92,120;92,121;92,122;92,123;92,124;92,125;92,126;92,127;92,128;93,119;93,120;93,121;93,122;93,123;93,124;93,125;93,126;93,127;93,128;94,119;94,120;94,121;94,122;94,123;94,124;94,125;94,126;94,127;94,128;95,119;95,120;95,121;95,122;95,123;95,124;95,125;95,126;95,127;95,128;96,119;96,120;96,121;96,122;96,123;96,124;96,125;96,126;96,127;96,128;
40122=91,126;92,126;
40123=92,126;93,126;
40124=92,126;
40125=95,7;95,8;95,9;95,10;95,11;95,12;95,13;95,14;95,15;95,16;96,7;96,8;96,9;96,10;96,11;96,12;96,13;96,14;96,15;96,16;97,7;97,8;97,9;97,10;97,11;97,12;97,13;97,14;97,15;97,16;98,7;98,8;98,9;98,10;98,11;98,12;98,13;98,14;98,15;98,16;99,7;99,8;99,9;99,10;99,11;99,12;99,13;99,14;99,15;99,16;100,7;100,8;100,9;100,10;100,11;100,12;100,13;100,14;100,15;100,16;101,7;101,8;101,9;101,10;101,11;101,12;101,13;101,14;101,15;101,16;102,7;102,8;102,9;102,10;102,11;102,12;102,13;102,14;102,15;102,16;103,7;103,8;103,9;103,10;103,11;103,12;103,13;103,14;103,15;103,16;104,7;104,8;104,9;104,10;104,11;104,12;104,13;104,14;104,15;104,16;
40126=101,15;101,16;101,17;101,18;101,19;101,20;102,15;102,16;102,17;102,18;102,19;102,20;103,15;103,16;103,17;103,18;103,19;103,20;104,15;104,16;104,17;104,18;104,19;104,20;
40127=95,70;95,71;96,70;96,71;97,70;97,71;98,70;98,71;99,70;99,71;100,70;100,71;101,70;101,71;
40128=97,73;97,74;97,75;97,76;97,77;97,78;97,79;98,73;98,74;98,75;98,76;98,77;98,78;98,79;99,73;99,74;99,75;99,76;99,77;99,78;99,79;100,73;100,74;100,75;100,76;100,77;100,78;100,79;101,73;101,74;101,75;101,76;101,77;101,78;101,79;102,73;102,74;102,75;102,76;102,77;102,78;102,79;103,73;103,74;103,75;103,76;103,77;103,78;103,79;
40129=98,84;99,84;
40130=99,84;
40131=95,97;95,98;95,99;95,100;95,101;95,102;95,103;96,97;96,98;96,99;96,100;96,101;96,102;96,103;97,97;97,98;97,99;97,100;97,101;97,102;97,103;98,97;98,98;98,99;98,100;98,101;98,102;98,103;99,97;99,98;99,99;99,100;99,101;99,102;99,103;100,97;100,98;100,99;100,100;100,101;100,102;100,103;101,97;101,98;101,99;101,100;101,101;101,102;101,103;102,97;102,98;102,99;102,100;102,101;102,102;102,103;103,97;103,98;103,99;103,100;103,101;103,102;103,103;104,97;104,98;104,99;104,100;104,101;104,102;104,103;
40132=99,98;99,99;99,100;100,98;100,99;100,100;101,98;101,99;101,100;
40133=100,97;101,97;
40134=100,97;101,97;
40135=100,97;101,97;
40136=99,96;100,96;
40137=100,96;
40138=95,103;95,104;96,103;96,104;97,103;97,104;98,103;98,104;99,103;99,104;100,103;100,104;101,103;101,104;102,103;102,104;103,103;103,104;104,103;104,104;
40139=95,104;95,105;95,106;95,107;95,108;95,109;95,110;95,111;95,112;96,104;96,105;96,106;96,107;96,108;96,109;96,110;96,111;96,112;
40140=102,104;102,105;102,106;102,107;102,108;102,109;102,110;102,111;102,112;103,104;103,105;103,106;103,107;103,108;103,109;103,110;103,111;103,112;104,104;104,105;104,106;104,107;104,108;104,109;104,110;104,111;104,112;
40141=96,110;96,111;96,112;97,110;97,111;97,112;98,110;98,111;98,112;99,110;99,111;99,112;100,110;100,111;100,112;101,110;101,111;101,112;102,110;102,111;102,112;
40142=101,109;101,110;102,109;102,110;
40143=96,108;96,109;97,108;97,109;
40144=96,105;96,106;97,105;97,106;98,105;98,106;
40145=98,106;
40146=98,106;
40147=95,111;95,112;95,113;95,114;95,115;95,116;95,117;95,118;95,119;95,120;96,111;96,112;96,113;96,114;96,115;96,116;96,117;96,118;96,119;96,120;97,111;97,112;97,113;97,114;97,115;97,116;97,117;97,118;97,119;97,120;98,111;98,112;98,113;98,114;98,115;98,116;98,117;98,118;98,119;98,120;99,111;99,112;99,113;99,114;99,115;99,116;99,117;99,118;99,119;99,120;100,111;100,112;100,113;100,114;100,115;100,116;100,117;100,118;100,119;100,120;101,111;101,112;101,113;101,114;101,115;101,116;101,117;101,118;101,119;101,120;102,111;102,112;102,113;102,114;102,115;102,116;102,117;102,118;102,119;102,120;103,111;103,112;103,113;103,114;103,115;103,116;103,117;103,118;103,119;103,120;104,111;104,112;104,113;104,114;104,115;104,116;104,117;104,118;104,119;104,120;
40148=95,119;95,120;95,121;95,122;95,123;95,124;95,125;95,126;95,127;95,128;96,119;96,120;96,121;96,122;96,123;96,124;96,125;96,126;96,127;96,128;97,119;97,120;97,121;97,122;97,123;97,124;97,125;97,126;97,127;97,128;98,119;98,120;98,121;98,122;98,123;98,124;98,125;98,126;98,127;98,128;99,119;99,120;99,121;99,122;99,123;99,124;99,125;99,126;99,127;99,128;100,119;100,120;100,121;100,122;100,123;100,124;100,125;100,126;100,127;100,128;101,119;101,120;101,121;101,122;101,123;101,124;101,125;101,126;101,127;101,128;102,119;102,120;102,121;102,122;102,123;102,124;102,125;102,126;102,127;102,128;103,119;103,120;103,121;103,122;103,123;103,124;103,125;103,126;103,127;103,128;104,119;104,120;104,121;104,122;104,123;104,124;104,125;104,126;104,127;104,128;
40149=103,7;103,8;103,9;103,10;103,11;103,12;103,13;103,14;103,15;103,16;104,7;104,8;104,9;104,10;104,11;104,12;104,13;104,14;104,15;104,16;105,7;105,8;105,9;105,10;105,11;105,12;105,13;105,14;105,15;105,16;106,7;106,8;106,9;106,10;106,11;106,12;106,13;106,14;106,15;106,16;107,7;107,8;107,9;107,10;107,11;107,12;107,13;107,14;107,15;107,16;108,7;108,8;108,9;108,10;108,11;108,12;108,13;108,14;108,15;108,16;109,7;109,8;109,9;109,10;109,11;109,12;109,13;109,14;109,15;109,16;110,7;110,8;110,9;110,10;110,11;110,12;110,13;110,14;110,15;110,16;111,7;111,8;111,9;111,10;111,11;111,12;111,13;111,14;111,15;111,16;112,7;112,8;112,9;112,10;112,11;112,12;112,13;112,14;112,15;112,16;
40150=103,15;103,16;103,17;103,18;103,19;103,20;104,15;104,16;104,17;104,18;104,19;104,20;105,15;105,16;105,17;105,18;105,19;105,20;106,15;106,16;106,17;106,18;106,19;106,20;107,15;107,16;107,17;107,18;107,19;107,20;108,15;108,16;108,17;108,18;108,19;108,20;109,15;109,16;109,17;109,18;109,19;109,20;110,15;110,16;110,17;110,18;110,19;110,20;111,15;111,16;111,17;111,18;111,19;111,20;112,15;112,16;112,17;112,18;112,19;112,20;
40151=107,70;107,71;108,70;108,71;
40152=103,71;103,72;103,73;103,74;103,75;103,76;103,77;103,78;103,79;103,80;104,71;104,72;104,73;104,74;104,75;104,76;104,77;104,78;104,79;104,80;105,71;105,72;105,73;105,74;105,75;105,76;105,77;105,78;105,79;105,80;106,71;106,72;106,73;106,74;106,75;106,76;106,77;106,78;106,79;106,80;107,71;107,72;107,73;107,74;107,75;107,76;107,77;107,78;107,79;107,80;108,71;108,72;108,73;108,74;108,75;108,76;108,77;108,78;108,79;108,80;109,71;109,72;109,73;109,74;109,75;109,76;109,77;109,78;109,79;109,80;110,71;110,72;110,73;110,74;110,75;110,76;110,77;110,78;110,79;110,80;111,71;111,72;111,73;111,74;111,75;111,76;111,77;111,78;111,79;111,80;
40153=105,83;
40154=105,83;
40155=105,79;105,80;105,81;105,82;105,83;105,84;105,85;105,86;105,87;105,88;106,79;106,80;106,81;106,82;106,83;106,84;106,85;106,86;106,87;106,88;107,79;107,80;107,81;107,82;107,83;107,84;107,85;107,86;107,87;107,88;108,79;108,80;108,81;108,82;108,83;108,84;108,85;108,86;108,87;108,88;109,79;109,80;109,81;109,82;109,83;109,84;109,85;109,86;109,87;109,88;110,79;110,80;110,81;110,82;110,83;110,84;110,85;110,86;110,87;110,88;111,79;111,80;111,81;111,82;111,83;111,84;111,85;111,86;111,87;111,88;112,79;112,80;112,81;112,82;112,83;112,84;112,85;112,86;112,87;112,88;
40156=103,94;103,95;103,96;104,94;104,95;104,96;105,94;105,95;105,96;
40157=111,7;111,8;111,9;111,10;111,11;111,12;111,13;111,14;111,15;111,16;112,7;112,8;112,9;112,10;112,11;112,12;112,13;112,14;112,15;112,16;113,7;113,8;113,9;113,10;113,11;113,12;113,13;113,14;113,15;113,16;114,7;114,8;114,9;114,10;114,11;114,12;114,13;114,14;114,15;114,16;115,7;115,8;115,9;115,10;115,11;115,12;115,13;115,14;115,15;115,16;116,7;116,8;116,9;116,10;116,11;116,12;116,13;116,14;116,15;116,16;117,7;117,8;117,9;117,10;117,11;117,12;117,13;117,14;117,15;117,16;118,7;118,8;118,9;118,10;118,11;118,12;118,13;118,14;118,15;118,16;119,7;119,8;119,9;119,10;119,11;119,12;119,13;119,14;119,15;119,16;120,7;120,8;120,9;120,10;120,11;120,12;120,13;120,14;120,15;120,16;
40158=111,15;111,16;111,17;111,18;112,15;112,16;112,17;112,18;113,15;113,16;113,17;113,18;
40159=114,18;114,19;115,18;115,19;116,18;116,19;117,18;117,19;
40160=114,19;114,20;115,19;115,20;
40161=113,35;113,36;114,35;114,36;
40162=113,36;114,36;
40163=111,80;111,81;111,82;111,83;111,84;111,85;111,86;111,87;112,80;112,81;112,82;112,83;112,84;112,85;112,86;112,87;113,80;113,81;113,82;113,83;113,84;113,85;113,86;113,87;114,80;114,81;114,82;114,83;114,84;114,85;114,86;114,87;
40164=113,59;
40165=113,59;
40166=71,46;71,47;71,48;72,46;72,47;72,48;73,46;73,47;73,48;
40167=71,47;71,48;71,49;71,50;71,51;71,52;71,53;71,54;71,55;71,56;72,47;72,48;72,49;72,50;72,51;72,52;72,53;72,54;72,55;72,56;73,47;73,48;73,49;73,50;73,51;73,52;73,53;73,54;73,55;73,56;74,47;74,48;74,49;74,50;74,51;74,52;74,53;74,54;74,55;74,56;75,47;75,48;75,49;75,50;75,51;75,52;75,53;75,54;75,55;75,56;76,47;76,48;76,49;76,50;76,51;76,52;76,53;76,54;76,55;76,56;77,47;77,48;77,49;77,50;77,51;77,52;77,53;77,54;77,55;77,56;78,47;78,48;78,49;78,50;78,51;78,52;78,53;78,54;78,55;78,56;79,47;79,48;79,49;79,50;79,51;79,52;79,53;79,54;79,55;79,56;80,47;80,48;80,49;80,50;80,51;80,52;80,53;80,54;80,55;80,56;
40168=79,39;79,40;79,41;79,42;79,43;79,44;79,45;79,46;79,47;79,48;80,39;80,40;80,41;80,42;80,43;80,44;80,45;80,46;80,47;80,48;81,39;81,40;81,41;81,42;81,43;81,44;81,45;81,46;81,47;81,48;82,39;82,40;82,41;82,42;82,43;82,44;82,45;82,46;82,47;82,48;83,39;83,40;83,41;83,42;83,43;83,44;83,45;83,46;83,47;83,48;84,39;84,40;84,41;84,42;84,43;84,44;84,45;84,46;84,47;84,48;85,39;85,40;85,41;85,42;85,43;85,44;85,45;85,46;85,47;85,48;86,39;86,40;86,41;86,42;86,43;86,44;86,45;86,46;86,47;86,48;87,39;87,40;87,41;87,42;87,43;87,44;87,45;87,46;87,47;87,48;88,39;88,40;88,41;88,42;88,43;88,44;88,45;88,46;88,47;88,48;
40169=79,48;79,49;79,50;79,51;79,52;79,53;79,54;79,55;79,56;80,48;80,49;80,50;80,51;80,52;80,53;80,54;80,55;80,56;81,48;81,49;81,50;81,51;81,52;81,53;81,54;81,55;81,56;82,48;82,49;82,50;82,51;82,52;82,53;82,54;82,55;82,56;83,48;83,49;83,50;83,51;83,52;83,53;83,54;83,55;83,56;84,48;84,49;84,50;84,51;84,52;84,53;84,54;84,55;84,56;85,48;85,49;85,50;85,51;85,52;85,53;85,54;85,55;85,56;86,48;86,49;86,50;86,51;86,52;86,53;86,54;86,55;86,56;87,48;87,49;87,50;87,51;87,52;87,53;87,54;87,55;87,56;88,48;88,49;88,50;88,51;88,52;88,53;88,54;88,55;88,56;
40170=79,56;79,57;79,58;79,59;79,60;79,61;79,62;79,63;79,64;80,56;80,57;80,58;80,59;80,60;80,61;80,62;80,63;80,64;81,56;81,57;81,58;81,59;81,60;81,61;81,62;81,63;81,64;82,56;82,57;82,58;82,59;82,60;82,61;82,62;82,63;82,64;83,56;83,57;83,58;83,59;83,60;83,61;83,62;83,63;83,64;84,56;84,57;84,58;84,59;84,60;84,61;84,62;84,63;84,64;85,56;85,57;85,58;85,59;85,60;85,61;85,62;85,63;85,64;86,56;86,57;86,58;86,59;86,60;86,61;86,62;86,63;86,64;87,56;87,57;87,58;87,59;87,60;87,61;87,62;87,63;87,64;88,56;88,57;88,58;88,59;88,60;88,61;88,62;88,63;88,64;
40171=87,53;87,54;87,55;87,56;88,53;88,54;88,55;88,56;89,53;89,54;89,55;89,56;90,53;90,54;90,55;90,56;91,53;91,54;91,55;91,56;92,53;92,54;92,55;92,56;93,53;93,54;93,55;93,56;94,53;94,54;94,55;94,56;95,53;95,54;95,55;95,56;96,53;96,54;96,55;96,56;
40172=94,50;94,51;95,50;95,51;
40173=93,50;93,51;94,50;94,51;
40174=92,51;92,52;93,51;93,52;94,51;94,52;
40175=90,52;90,53;90,54;91,52;91,53;91,54;92,52;92,53;92,54;
40176=88,48;88,49;88,50;89,48;89,49;89,50;90,48;90,49;90,50;
40177=88,50;88,51;89,50;89,51;90,50;90,51;
40178=89,51;90,51;
40179=90,48;90,49;91,48;91,49;
40180=91,48;91,49;91,50;91,51;92,48;92,49;92,50;92,51;
40181=92,48;92,49;92,50;93,48;93,49;93,50;
40182=93,48;93,49;94,48;94,49;
40183=90,51;91,51;92,51;
40184=92,50;92,51;93,50;93,51;
40185=89,52;89,53;89,54;90,52;90,53;90,54;
40186=93,49;93,50;
40187=87,55;87,56;87,57;87,58;87,59;87,60;87,61;87,62;87,63;87,64;88,55;88,56;88,57;88,58;88,59;88,60;88,61;88,62;88,63;88,64;89,55;89,56;89,57;89,58;89,59;89,60;89,61;89,62;89,63;89,64;90,55;90,56;90,57;90,58;90,59;90,60;90,61;90,62;90,63;90,64;
40188=90,55;90,56;90,57;90,58;90,59;91,55;91,56;91,57;91,58;91,59;92,55;92,56;92,57;92,58;92,59;93,55;93,56;93,57;93,58;93,59;94,55;94,56;94,57;94,58;94,59;95,55;95,56;95,57;95,58;95,59;96,55;96,56;96,57;96,58;96,59;
40189=72,56;72,57;72,58;72,59;72,60;72,61;72,62;72,63;73,56;73,57;73,58;73,59;73,60;73,61;73,62;73,63;74,56;74,57;74,58;74,59;74,60;74,61;74,62;74,63;75,56;75,57;75,58;75,59;75,60;75,61;75,62;75,63;76,56;76,57;76,58;76,59;76,60;76,61;76,62;76,63;77,56;77,57;77,58;77,59;77,60;77,61;77,62;77,63;78,56;78,57;78,58;78,59;78,60;78,61;78,62;78,63;79,56;79,57;79,58;79,59;79,60;79,61;79,62;79,63;
40190=79,24;79,25;79,26;79,27;79,28;79,29;79,30;79,31;80,24;80,25;80,26;80,27;80,28;80,29;80,30;80,31;81,24;81,25;81,26;81,27;81,28;81,29;81,30;81,31;82,24;82,25;82,26;82,27;82,28;82,29;82,30;82,31;83,24;83,25;83,26;83,27;83,28;83,29;83,30;83,31;84,24;84,25;84,26;84,27;84,28;84,29;84,30;84,31;85,24;85,25;85,26;85,27;85,28;85,29;85,30;85,31;86,24;86,25;86,26;86,27;86,28;86,29;86,30;86,31;87,24;87,25;87,26;87,27;87,28;87,29;87,30;87,31;
40191=88,24;88,25;88,26;88,27;88,28;88,29;88,30;88,31;89,24;89,25;89,26;89,27;89,28;89,29;89,30;89,31;90,24;90,25;90,26;90,27;90,28;90,29;90,30;90,31;91,24;91,25;91,26;91,27;91,28;91,29;91,30;91,31;92,24;92,25;92,26;92,27;92,28;92,29;92,30;92,31;93,24;93,25;93,26;93,27;93,28;93,29;93,30;93,31;94,24;94,25;94,26;94,27;94,28;94,29;94,30;94,31;95,24;95,25;95,26;95,27;95,28;95,29;95,30;95,31;
40192=96,24;96,25;96,26;96,27;96,28;96,29;96,30;96,31;97,24;97,25;97,26;97,27;97,28;97,29;97,30;97,31;98,24;98,25;98,26;98,27;98,28;98,29;98,30;98,31;99,24;99,25;99,26;99,27;99,28;99,29;99,30;99,31;100,24;100,25;100,26;100,27;100,28;100,29;100,30;100,31;101,24;101,25;101,26;101,27;101,28;101,29;101,30;101,31;102,24;102,25;102,26;102,27;102,28;102,29;102,30;102,31;103,24;103,25;103,26;103,27;103,28;103,29;103,30;103,31;
40193=96,32;96,33;96,34;96,35;96,36;96,37;96,38;96,39;97,32;97,33;97,34;97,35;97,36;97,37;97,38;97,39;98,32;98,33;98,34;98,35;98,36;98,37;98,38;98,39;99,32;99,33;99,34;99,35;99,36;99,37;99,38;99,39;100,32;100,33;100,34;100,35;100,36;100,37;100,38;100,39;101,32;101,33;101,34;101,35;101,36;101,37;101,38;101,39;102,32;102,33;102,34;102,35;102,36;102,37;102,38;102,39;103,32;103,33;103,34;103,35;103,36;103,37;103,38;103,39;
40194=95,32;95,33;
40195=88,32;88,33;88,34;89,32;89,33;89,34;90,32;90,33;90,34;
40196=80,32;81,32;82,32;83,32;84,32;85,32;86,32;87,32;
40197=86,32;86,33;86,34;86,35;86,36;86,37;87,32;87,33;87,34;87,35;87,36;87,37;
40198=64,48;64,49;64,50;64,51;64,52;64,53;64,54;64,55;65,48;65,49;65,50;65,51;65,52;65,53;65,54;65,55;66,48;66,49;66,50;66,51;66,52;66,53;66,54;66,55;67,48;67,49;67,50;67,51;67,52;67,53;67,54;67,55;68,48;68,49;68,50;68,51;68,52;68,53;68,54;68,55;69,48;69,49;69,50;69,51;69,52;69,53;69,54;69,55;70,48;70,49;70,50;70,51;70,52;70,53;70,54;70,55;71,48;71,49;71,50;71,51;71,52;71,53;71,54;71,55;
70000=106,37;
70001=106,37;
70002=106,38;
70003=107,38;
70004=109,37;
70005=109,38;110,38;
70006=110,37;
70007=109,35;
70008=109,36;
70009=110,35;
70010=107,36;108,36;
70011=80,81;80,83;81,81;81,82;81,83;81,86;82,81;82,82;82,83;82,84;82,85;82,86;83,81;83,82;83,83;83,84;83,85;83,86;84,81;84,82;84,83;84,84;84,85;84,86;85,81;85,82;85,83;85,84;85,85;86,84;86,85;
70012=40,116;40,120;41,116;41,117;41,118;41,119;41,120;41,127;42,115;42,116;42,117;42,118;42,119;42,120;42,121;42,122;42,123;42,124;42,125;42,126;42,127;43,115;43,116;43,117;43,118;43,119;43,120;43,121;43,122;43,123;43,124;43,125;43,126;43,127;44,115;44,116;44,117;44,118;44,119;44,120;44,121;44,122;44,123;44,124;44,125;44,126;44,127;45,115;45,116;45,117;45,118;45,119;45,120;45,121;45,122;45,123;45,124;45,125;45,126;45,127;46,114;46,115;46,116;46,117;46,118;46,119;46,120;46,121;46,122;46,123;46,124;46,125;46,126;46,127;47,114;47,115;47,116;47,117;47,118;47,119;47,120;47,121;47,122;47,123;47,124;47,125;47,126;47,127;48,114;48,115;48,116;48,117;48,118;48,119;48,120;48,121;48,122;48,123;48,124;48,125;48,126;48,127;49,116;49,117;49,118;49,119;49,120;49,121;49,122;49,123;49,124;49,125;49,126;49,127;50,117;50,118;50,119;50,120;50,121;50,122;50,123;50,124;50,125;50,126;50,127;51,119;51,120;51,121;51,122;51,123;51,124;51,125;51,126;51,127;52,120;52,121;52,122;52,123;52,124;52,125;52,126;52,127;53,122;53,123;53,124;53,125;53,126;53,127;54,123;54,124;54,125;54,126;54,127;55,124;55,125;55,126;55,127;
70013=104,80;104,83;105,80;105,81;105,82;105,83;105,87;106,80;106,81;106,82;106,83;106,84;106,85;106,86;106,87;107,80;107,81;107,82;107,83;107,84;107,85;107,86;107,87;108,80;108,81;108,82;108,83;108,84;108,85;108,86;108,87;109,80;109,81;109,82;109,83;109,84;109,85;109,86;109,87;110,80;110,81;110,82;110,83;110,84;110,85;110,86;110,87;111,80;111,81;111,82;111,83;111,84;111,85;111,86;111,87;112,80;112,81;112,82;112,83;112,84;112,85;112,86;112,87;113,80;113,81;113,82;113,83;113,84;113,85;113,86;113,87;114,86;114,87;
70014=105,72;105,79;106,72;106,73;106,74;106,75;106,76;106,77;106,78;106,79;107,72;107,73;107,74;107,75;107,76;107,77;107,78;107,79;108,72;108,73;108,74;108,75;108,76;108,77;108,78;108,79;109,72;109,73;109,74;109,75;109,76;109,77;109,78;109,79;110,72;110,73;110,74;110,75;110,76;110,77;110,78;110,79;111,72;111,73;111,74;111,75;111,76;111,77;111,78;111,79;
70015=95,7;95,23;96,7;96,8;96,9;96,10;96,11;96,12;96,13;96,14;96,15;96,16;96,17;96,18;96,19;96,20;96,21;96,22;96,23;97,7;97,8;97,9;97,10;97,11;97,12;97,13;97,14;97,15;97,16;97,17;97,18;97,19;97,20;97,21;97,22;97,23;98,7;98,8;98,9;98,10;98,11;98,12;98,13;98,14;98,15;98,16;98,17;98,18;98,19;98,20;98,21;98,22;98,23;99,7;99,8;99,9;99,10;99,11;99,12;99,13;99,14;99,15;99,16;99,17;99,18;99,19;99,20;99,21;99,22;99,23;100,7;100,8;100,9;100,10;100,11;100,12;100,13;100,14;100,15;100,16;100,17;100,18;100,19;100,20;100,21;100,22;100,23;101,7;101,8;101,9;101,10;101,11;101,12;101,13;101,14;101,15;101,16;101,17;101,18;101,19;101,20;101,21;101,22;101,23;102,7;102,8;102,9;102,10;102,11;102,12;102,13;102,14;102,15;102,16;102,17;102,18;102,19;102,20;102,21;102,22;102,23;103,7;103,8;103,9;103,10;103,11;103,12;103,13;103,14;103,15;103,16;103,17;103,18;103,19;103,20;103,21;103,22;103,23;104,7;104,8;104,9;104,10;104,11;104,12;104,13;104,14;104,15;104,16;104,17;104,18;104,19;104,20;104,21;104,22;104,23;105,7;105,8;105,9;105,10;105,11;105,12;105,13;105,14;105,15;105,16;105,17;105,18;105,19;105,20;105,21;105,22;105,23;106,7;106,8;106,9;106,10;106,11;106,12;106,13;106,14;106,15;106,16;106,17;106,18;106,19;106,20;106,21;106,22;106,23;107,7;107,8;107,9;107,10;107,11;107,12;107,13;107,14;107,15;107,16;107,17;107,18;107,19;107,20;107,21;107,22;107,23;108,7;108,8;108,9;108,10;108,11;108,12;108,13;108,14;108,15;108,16;108,17;108,18;108,19;108,20;108,21;108,22;108,23;108,24;109,7;109,8;109,9;109,10;109,11;109,12;109,13;109,14;109,15;109,16;109,17;109,18;109,19;109,20;109,21;109,22;109,23;109,24;110,7;110,8;110,9;110,10;110,11;110,12;110,13;110,14;110,15;110,16;110,17;110,18;110,19;110,20;110,21;110,22;110,23;110,24;111,7;111,8;111,9;111,10;111,11;111,12;111,13;111,14;111,15;111,16;111,17;111,18;111,19;111,20;111,21;111,22;111,23;111,24;112,7;112,8;112,9;112,10;112,11;112,12;112,13;112,14;112,15;112,16;112,17;112,18;112,19;112,20;112,21;112,22;112,23;112,24;113,7;113,8;113,9;113,10;113,11;113,12;113,13;113,14;113,15;113,16;113,17;113,18;113,19;113,20;113,21;113,22;113,23;113,24;114,8;114,9;114,10;114,11;114,12;114,13;114,14;114,15;114,16;114,17;114,18;114,19;114,20;114,21;114,22;114,23;114,24;115,8;115,9;115,10;115,11;115,12;115,13;115,14;115,15;115,16;115,17;115,18;115,19;115,20;115,21;115,22;115,23;115,24;116,8;116,9;116,10;116,11;116,12;116,13;116,14;116,15;116,16;116,17;116,18;116,19;116,20;116,21;116,22;116,23;116,24;117,8;117,9;117,10;117,11;117,12;117,13;117,14;117,15;117,16;117,17;117,18;117,19;117,20;117,21;117,22;117,23;117,24;118,8;118,9;118,10;118,11;118,12;118,13;118,14;118,15;118,16;118,17;118,18;118,19;118,20;118,21;118,22;118,23;118,24;119,8;119,9;119,10;119,11;119,12;119,13;119,14;119,15;119,16;119,17;119,18;119,19;119,20;119,21;119,22;119,23;119,24;120,8;120,9;120,10;120,11;120,12;120,13;120,14;120,15;120,16;120,17;120,18;120,19;120,20;120,21;120,22;120,23;120,24;121,8;121,9;121,10;121,11;121,12;121,13;121,14;121,15;121,16;121,17;121,18;121,19;121,20;121,21;121,22;121,23;121,24;
70016=88,108;88,128;89,107;89,108;89,109;89,110;89,111;89,112;89,113;89,114;89,115;89,116;89,117;89,118;89,119;89,120;89,121;89,122;89,123;89,124;89,125;89,126;89,127;89,128;90,106;90,107;90,108;90,109;90,110;90,111;90,112;90,113;90,114;90,115;90,116;90,117;90,118;90,119;90,120;90,121;90,122;90,123;90,124;90,125;90,126;90,127;91,105;91,106;91,107;91,108;91,109;91,110;91,111;91,112;91,113;91,114;91,115;91,116;91,117;91,118;91,119;91,120;91,121;91,122;91,123;91,124;91,125;91,126;91,127;92,103;92,105;92,106;92,107;92,108;92,109;92,110;92,111;92,112;92,113;92,114;92,115;92,116;92,117;92,118;92,119;92,120;92,121;92,122;92,123;92,124;92,125;92,126;92,127;93,102;93,103;93,104;93,105;93,106;93,107;93,108;93,109;93,110;93,111;93,112;93,113;93,114;93,115;93,116;93,117;93,118;93,119;93,120;93,121;93,122;93,123;93,124;93,125;93,126;93,127;94,102;94,103;94,104;94,105;94,106;94,107;94,108;94,109;94,110;94,111;94,112;94,113;94,114;94,115;94,116;94,117;94,118;94,119;94,120;94,121;94,122;94,123;94,124;94,125;94,126;94,127;95,102;95,103;95,104;95,105;95,106;95,107;95,108;95,109;95,110;95,111;95,112;95,113;95,114;95,115;95,116;95,117;95,118;95,119;95,120;95,121;95,122;95,123;95,124;95,125;95,126;95,127;96,102;96,103;96,104;96,105;96,106;96,107;96,108;96,109;96,110;96,111;96,112;96,113;96,114;96,115;96,116;96,117;96,118;96,119;96,120;96,121;96,122;96,123;96,124;96,125;96,126;96,127;97,102;97,103;97,104;97,105;97,106;97,107;97,108;97,109;97,110;97,111;97,112;97,113;97,114;97,115;97,116;97,117;97,118;97,119;97,120;97,121;97,122;97,123;97,124;97,125;97,126;97,127;98,102;98,103;98,104;98,105;98,106;98,107;98,108;98,109;98,110;98,111;98,112;98,113;98,114;98,115;98,116;98,117;98,118;98,119;98,120;98,121;98,122;98,123;98,124;98,125;98,126;98,127;99,101;99,102;99,103;99,104;99,105;99,106;99,107;99,108;99,109;99,110;99,111;99,112;99,113;99,114;99,115;99,116;99,117;99,118;99,119;99,120;99,121;99,122;99,123;99,124;99,125;99,126;99,127;100,101;100,102;100,103;100,104;100,105;100,106;100,107;100,108;100,109;100,110;100,111;100,112;100,113;100,114;100,115;100,116;100,117;100,118;100,119;100,120;100,121;100,122;100,123;100,124;100,125;100,126;100,127;101,101;101,102;101,103;101,104;101,105;101,106;101,107;101,108;101,109;101,110;101,111;101,112;101,113;101,114;101,115;101,116;101,117;101,118;101,119;101,120;101,121;101,122;101,123;101,124;101,125;101,126;101,127;102,101;102,102;102,103;102,104;102,105;102,106;102,107;102,108;102,109;102,110;102,111;102,112;102,113;102,114;102,115;102,116;102,117;102,118;102,119;102,120;102,121;102,122;102,123;102,124;102,125;102,126;102,127;103,101;103,102;103,103;103,104;103,105;103,106;103,107;103,108;103,109;103,110;103,111;103,112;103,113;103,114;103,115;103,116;103,117;103,118;103,119;103,120;103,121;103,122;103,123;103,124;103,125;103,126;103,127;
70017=91,97;91,103;92,97;92,98;92,99;92,100;92,101;92,102;92,103;93,96;93,97;93,98;93,99;93,100;93,101;93,102;93,103;94,96;94,97;94,98;94,99;94,100;94,101;94,102;95,96;95,97;95,98;95,99;95,100;95,101;95,102;96,96;96,97;96,98;96,99;96,100;96,101;96,102;97,95;97,96;97,97;97,98;97,99;97,100;97,101;97,102;98,95;98,96;98,97;98,98;98,99;98,100;98,101;98,102;99,95;99,96;99,97;99,98;99,99;99,100;99,101;99,102;100,95;100,96;100,97;100,98;100,99;100,100;100,101;100,102;101,95;101,96;101,97;101,98;101,99;101,100;101,101;101,102;102,94;102,95;102,96;102,97;102,98;102,99;102,100;102,101;103,94;103,95;103,96;103,97;103,98;103,99;103,100;103,101;104,94;104,95;104,96;104,97;104,98;104,99;104,100;105,94;105,95;105,96;105,97;105,98;105,99;
70018=82,108;83,107;83,108;83,109;84,106;84,107;84,108;84,109;85,105;85,106;85,107;85,108;85,109;86,104;86,105;86,106;86,107;86,108;86,109;86,110;87,103;87,104;87,105;87,106;87,107;87,108;87,109;87,110;88,103;88,104;88,105;88,106;88,107;88,108;88,109;89,103;89,104;89,105;89,106;89,107;89,108;90,103;90,104;90,105;90,106;90,107;91,103;91,104;91,105;92,103;92,104;93,103;
70019=79,108;79,119;80,108;80,109;80,110;80,111;80,112;80,113;80,114;80,115;80,116;80,117;80,118;80,119;81,108;81,109;81,110;81,111;81,112;81,113;81,114;81,115;81,116;81,117;81,118;81,119;82,108;82,109;82,110;82,111;82,112;82,113;82,114;82,115;82,116;82,117;82,118;82,119;83,108;83,109;83,110;83,111;83,112;83,113;83,114;83,115;83,116;83,117;83,118;83,119;84,109;84,110;84,111;84,112;84,113;84,114;84,115;84,116;84,117;84,118;84,119;85,109;85,110;85,111;85,112;85,113;85,114;85,115;85,116;85,117;85,118;85,119;86,109;86,110;86,111;86,112;86,113;86,114;86,115;86,116;86,117;86,118;86,119;87,110;87,111;87,112;87,113;87,114;87,115;87,116;87,117;87,118;87,119;
70020=87,81;87,87;88,81;88,82;88,83;88,84;88,85;88,86;88,87;89,81;89,82;89,83;89,84;89,85;89,86;89,87;90,82;90,83;90,84;90,85;90,86;90,87;91,82;91,83;91,84;91,85;91,86;91,87;92,83;92,84;92,85;92,86;92,87;93,84;93,85;93,86;93,87;94,84;94,85;94,86;94,87;95,85;95,86;95,87;
70021=88,64;88,65;88,71;89,65;89,66;89,67;89,68;89,69;89,70;89,71;89,73;90,65;90,66;90,67;90,68;90,69;90,70;90,71;90,72;90,73;90,74;91,66;91,67;91,68;91,69;91,70;91,71;91,72;91,73;91,74;91,76;92,66;92,67;92,68;92,69;92,70;92,71;92,72;92,73;92,74;92,75;92,76;92,77;93,67;93,68;93,69;93,70;93,71;93,72;93,73;93,74;93,75;93,76;93,77;94,67;94,68;94,69;94,70;94,71;94,72;94,73;94,74;94,75;94,76;94,77;95,68;95,69;95,70;95,71;95,72;95,73;95,74;95,75;95,76;96,68;96,69;96,70;96,71;96,72;96,73;96,74;96,75;97,69;97,70;97,71;97,72;97,73;97,74;98,69;98,70;98,71;98,72;98,73;98,74;99,70;99,71;99,72;99,73;100,70;100,71;100,72;101,71;
70022=72,90;72,94;73,88;73,90;73,91;73,92;73,93;73,94;73,95;74,88;74,89;74,90;74,91;74,92;74,93;74,94;74,95;75,88;75,89;75,90;75,91;75,92;75,93;75,94;75,95;75,96;76,88;76,89;76,90;76,91;76,92;76,93;76,94;76,95;76,96;76,97;77,88;77,89;77,90;77,91;77,92;77,93;77,94;77,95;77,96;77,97;77,98;78,88;78,89;78,90;78,91;78,92;78,93;78,94;78,95;78,96;78,97;78,98;78,99;79,88;79,89;79,90;79,91;79,92;79,93;79,94;79,95;79,96;79,97;79,98;79,99;79,100;80,88;80,89;80,90;80,91;80,92;80,93;80,94;80,95;80,96;80,97;80,98;80,99;80,100;81,88;81,89;81,90;81,91;81,92;81,93;81,94;81,95;81,96;81,97;81,98;81,99;81,100;81,101;82,88;82,89;82,90;82,91;82,92;82,93;82,94;82,95;82,96;82,97;82,98;82,99;82,100;82,101;83,88;83,89;83,90;83,91;83,92;83,93;83,94;83,95;83,96;83,97;83,98;83,99;83,100;83,101;83,102;84,88;84,89;84,90;84,91;84,92;84,93;84,94;84,95;84,96;84,97;84,98;84,99;84,100;84,101;84,102;85,88;85,89;85,90;85,91;85,92;85,93;85,94;85,95;85,96;85,97;85,98;85,99;85,100;85,101;85,102;86,88;86,89;86,90;86,91;86,92;86,93;86,94;86,95;86,96;86,97;86,98;86,99;86,100;86,101;86,102;
70023=74,52;74,54;75,50;75,52;75,53;75,54;76,48;76,50;76,51;76,52;76,53;76,54;76,55;77,46;77,48;77,49;77,50;77,51;77,52;77,53;77,54;77,55;77,56;78,44;78,46;78,47;78,48;78,49;78,50;78,51;78,52;78,53;78,54;78,55;78,56;78,57;79,42;79,44;79,45;79,46;79,47;79,48;79,49;79,50;79,51;79,52;79,53;79,54;79,55;79,56;79,57;80,40;80,42;80,43;80,44;80,45;80,46;80,47;80,48;80,49;80,50;80,51;80,52;80,53;80,54;80,55;80,56;80,57;80,58;81,40;81,41;81,42;81,43;81,44;81,45;81,46;81,47;81,48;81,49;81,50;81,51;81,52;81,53;81,54;81,55;81,56;81,57;81,58;81,59;82,40;82,41;82,42;82,43;82,44;82,45;82,46;82,47;82,48;82,49;82,50;82,51;82,52;82,53;82,54;82,55;82,56;82,57;82,58;82,59;82,60;83,41;83,42;83,43;83,44;83,45;83,46;83,47;83,48;83,49;83,50;83,51;83,52;83,53;83,54;83,55;83,56;83,57;83,58;83,59;83,60;83,61;84,41;84,42;84,43;84,44;84,45;84,46;84,47;84,48;84,49;84,50;84,51;84,52;84,53;84,54;84,55;84,56;84,57;84,58;84,59;84,60;84,61;85,42;85,43;85,44;85,45;85,46;85,47;85,48;85,49;85,50;85,51;85,52;85,53;85,54;85,55;85,56;85,57;85,58;85,59;85,60;85,61;86,42;86,43;86,44;86,45;86,46;86,47;86,48;86,49;86,50;86,51;86,52;86,53;86,54;86,55;86,56;86,57;86,58;86,59;86,60;86,61;86,62;87,43;87,44;87,45;87,46;87,47;87,48;87,49;87,50;87,51;87,52;87,53;87,54;87,55;87,56;87,57;87,58;87,59;87,61;87,62;88,43;88,44;88,45;88,46;88,47;88,48;88,49;88,50;88,51;88,52;88,53;88,54;88,55;88,56;88,57;88,58;88,61;88,62;89,44;89,45;89,46;89,47;89,48;89,49;89,50;89,51;89,52;89,53;89,54;89,55;89,56;89,57;89,61;89,62;90,44;90,45;90,46;90,47;90,48;90,49;90,50;90,51;90,52;90,53;90,54;90,55;90,61;90,62;91,45;91,46;91,47;91,48;91,49;91,50;91,51;91,52;91,53;91,54;91,61;91,62;92,45;92,46;92,47;92,48;92,49;92,50;92,51;92,52;92,53;92,61;92,62;93,46;93,47;93,48;93,49;93,50;93,51;93,61;93,62;94,47;94,48;94,49;94,50;94,61;94,62;95,47;95,48;95,61;95,62;96,61;96,62;97,61;97,62;98,61;98,62;99,61;99,62;100,61;100,62;101,61;101,62;102,61;102,62;103,61;103,62;104,61;
70024=72,95;72,112;73,95;73,96;73,97;73,98;73,99;73,100;73,101;73,102;73,103;73,104;73,105;73,106;73,107;73,108;73,109;73,110;73,111;73,112;74,95;74,96;74,97;74,98;74,99;74,100;74,101;74,102;74,103;74,104;74,105;74,106;74,107;74,108;74,109;74,110;74,111;74,112;75,96;75,97;75,98;75,99;75,100;75,101;75,102;75,103;75,104;75,105;75,106;75,107;75,108;75,109;75,110;75,111;75,112;76,97;76,98;76,99;76,100;76,101;76,102;76,103;76,104;76,105;76,106;76,107;76,108;76,109;76,110;76,111;76,112;77,99;77,100;77,101;77,102;77,103;77,104;77,105;77,106;77,107;77,108;77,109;77,110;77,111;77,112;78,101;78,102;78,103;78,104;78,105;78,106;78,107;78,108;78,109;78,110;78,111;78,112;79,102;79,103;79,104;79,105;79,106;79,107;79,108;79,109;79,110;79,111;79,112;80,104;80,105;80,106;80,107;80,108;80,109;80,110;80,111;81,106;81,107;81,108;81,109;81,110;82,107;82,108;
70025=80,72;80,75;81,72;81,73;81,74;81,75;81,78;82,73;82,74;82,75;82,76;82,77;82,78;82,80;83,74;83,75;83,76;83,77;83,78;83,79;83,80;83,81;84,74;84,75;84,76;84,77;84,78;84,79;84,80;84,81;85,75;85,76;85,77;85,78;85,79;85,80;85,81;85,82;86,76;86,77;86,78;86,79;86,80;86,81;86,82;87,79;87,80;87,81;87,82;
70026=72,76;72,82;73,74;73,76;73,77;73,78;73,79;73,80;73,81;73,82;74,72;74,74;74,75;74,76;74,77;74,78;74,79;74,80;74,81;74,82;75,72;75,73;75,74;75,75;75,76;75,77;75,78;75,79;75,80;75,81;75,82;76,73;76,74;76,75;76,76;76,77;76,78;76,79;76,80;76,81;77,74;77,75;77,76;77,77;77,78;77,79;77,80;77,81;78,75;78,76;78,77;78,78;78,79;78,80;78,81;79,76;79,77;79,78;79,79;79,80;79,81;80,77;80,78;80,79;80,80;80,81;81,78;81,79;81,80;81,81;82,79;82,80;82,81;
70027=72,82;72,83;72,87;73,83;73,84;73,85;73,86;73,87;
70028=46,79;47,69;47,79;48,69;48,78;48,79;49,69;49,77;49,78;49,79;50,69;50,77;50,78;50,79;51,69;51,76;51,77;51,78;51,79;52,69;52,76;52,77;52,78;52,79;53,69;53,75;53,76;53,77;53,78;53,79;53,83;54,69;54,75;54,76;54,77;54,78;54,79;54,80;54,81;54,82;54,83;55,69;55,74;55,75;55,76;55,77;55,78;55,80;55,81;55,82;56,69;56,73;56,74;56,75;56,76;56,80;56,81;56,82;57,69;57,73;57,74;57,75;57,80;57,81;58,69;58,72;58,73;58,74;58,80;58,81;59,69;59,71;59,72;59,80;60,69;60,70;60,71;60,79;60,80;61,69;61,70;61,78;61,79;62,67;62,68;62,69;62,78;63,67;63,68;63,77;63,78;64,66;64,67;64,68;64,77;65,66;65,67;65,68;65,76;65,77;66,65;66,66;66,67;66,68;66,75;66,76;67,65;67,66;67,67;67,68;67,75;68,64;68,65;68,66;68,67;68,68;68,74;68,75;69,64;69,65;69,66;69,67;69,68;69,74;70,64;70,65;70,66;70,67;70,68;70,73;70,74;71,64;71,65;71,66;71,67;71,68;71,73;72,64;72,65;72,66;72,67;72,68;72,72;72,73;73,64;73,65;73,66;73,67;73,68;73,71;73,72;74,64;74,65;74,66;74,67;74,68;74,71;75,64;75,65;75,66;75,67;75,68;75,70;75,71;76,64;76,65;76,66;76,67;76,68;76,70;77,64;77,65;77,66;77,67;77,68;77,69;77,70;78,64;78,65;78,66;78,67;78,68;78,69;79,64;79,65;79,66;79,67;79,68;79,69;80,64;80,65;80,66;80,67;80,68;81,64;81,65;81,66;81,67;82,64;82,65;82,66;83,64;83,65;84,64;
70029=65,85;65,86;65,95;66,86;66,87;66,88;66,89;66,90;66,91;66,92;66,93;66,94;66,95;67,86;67,87;67,88;67,89;67,90;67,91;67,92;67,93;67,94;67,95;68,86;68,87;68,88;68,89;68,90;68,91;68,92;68,93;68,94;68,95;69,86;69,87;69,88;69,89;69,90;69,91;69,92;69,93;69,94;69,95;70,86;70,87;70,88;70,89;70,90;70,91;70,92;70,93;70,94;70,95;71,86;71,87;71,88;71,89;71,90;71,91;71,92;71,93;71,94;71,95;72,87;72,88;72,89;72,90;72,91;72,92;72,93;72,94;
70030=65,84;65,85;66,81;66,84;66,85;67,79;67,81;67,82;67,83;67,84;67,85;68,77;68,79;68,80;68,81;68,82;68,83;68,84;68,85;69,77;69,78;69,79;69,80;69,81;69,82;69,83;69,84;69,85;70,78;70,79;70,80;70,81;70,82;70,83;70,84;70,85;71,78;71,79;71,80;71,81;71,82;71,83;71,84;71,85;71,86;72,78;72,79;72,80;72,81;72,82;72,83;72,84;72,85;72,86;
70031=56,37;56,38;57,37;57,38;57,39;58,37;58,38;58,39;58,40;59,37;59,38;59,39;59,40;59,41;60,37;60,38;60,39;60,40;60,41;60,43;61,37;61,38;61,39;61,40;61,41;61,42;61,43;61,44;62,38;62,39;62,40;62,41;62,42;62,43;62,44;62,45;63,38;63,39;63,40;63,41;63,42;63,43;63,44;63,45;63,46;64,38;64,39;64,40;64,41;64,42;64,43;64,44;64,45;64,46;64,47;65,38;65,39;65,40;65,41;65,42;65,43;65,44;65,45;65,46;65,47;66,38;66,39;66,40;66,41;66,42;66,43;66,44;66,45;66,46;66,47;67,38;67,39;67,40;67,41;67,42;67,43;67,44;67,45;67,46;67,47;67,48;68,38;68,39;68,40;68,41;68,42;68,43;68,44;68,45;68,46;68,47;68,48;69,39;69,40;69,41;69,42;69,43;69,44;69,45;69,46;69,47;69,48;70,39;70,40;70,41;70,42;70,43;70,44;70,45;70,46;70,47;70,48;71,39;71,40;71,41;71,42;71,43;71,44;71,45;71,46;71,47;71,48;72,39;72,40;72,41;72,42;72,43;72,44;72,45;72,46;72,47;72,48;72,49;73,39;73,40;73,41;73,42;73,43;73,44;73,45;73,46;73,47;73,48;73,49;74,39;74,40;74,41;74,42;74,43;74,44;74,45;74,46;74,47;74,48;75,39;75,40;75,41;75,42;75,43;75,44;75,45;75,46;75,47;76,40;76,41;76,42;76,43;76,44;76,45;76,46;77,40;77,41;77,42;77,43;77,44;77,45;77,46;78,40;78,41;78,42;78,43;78,44;78,45;79,40;79,41;79,42;79,43;79,44;
70032=55,109;56,109;56,115;57,109;57,110;57,111;57,112;57,113;57,114;57,115;57,118;58,109;58,110;58,111;58,112;58,113;58,114;58,115;58,116;58,117;58,118;59,109;59,110;59,111;59,112;59,113;59,114;59,115;59,116;59,117;59,118;60,109;60,110;60,111;60,112;60,113;60,114;60,115;60,116;60,117;60,118;61,109;61,110;61,111;61,112;61,113;61,114;61,115;61,116;61,117;61,118;62,110;62,111;62,112;62,113;62,114;62,115;62,116;62,117;62,118;63,110;63,111;63,112;63,113;63,114;63,115;63,116;63,117;63,118;64,110;64,111;64,112;64,113;64,114;64,115;64,116;64,117;64,118;65,110;65,111;65,112;65,113;65,114;65,115;65,116;65,117;65,118;66,110;66,111;66,112;66,113;66,114;66,115;66,116;66,117;66,118;67,110;67,111;67,112;67,113;67,114;67,115;67,116;67,117;67,118;68,110;68,111;68,112;68,113;68,114;68,115;68,116;68,117;68,118;69,110;69,111;69,112;69,113;69,114;69,115;69,116;69,117;70,110;70,111;70,112;70,113;70,114;70,115;70,116;70,117;71,111;71,112;71,113;71,114;71,115;71,116;
70033=54,93;54,97;55,92;55,93;55,94;55,95;55,96;55,97;56,91;56,92;56,93;56,94;56,95;56,96;56,97;57,91;57,92;57,93;57,94;57,95;57,96;57,97;58,92;58,93;58,94;58,95;58,96;59,94;59,95;
70034=44,88;44,89;45,87;45,88;45,89;45,93;46,86;46,87;46,88;46,89;46,90;46,91;46,92;46,93;46,98;47,85;47,86;47,87;47,88;47,89;47,90;47,91;47,92;47,93;47,94;47,95;47,96;47,97;47,98;47,101;48,84;48,85;48,86;48,87;48,88;48,89;48,90;48,91;48,92;48,93;48,94;48,95;48,96;48,97;48,98;48,99;48,100;48,101;48,102;49,83;49,84;49,85;49,86;49,87;49,88;49,89;49,90;49,91;49,92;49,93;49,94;49,95;49,96;49,97;49,98;49,99;49,100;49,101;49,102;49,103;50,82;50,83;50,84;50,85;50,86;50,87;50,88;50,89;50,90;50,91;50,92;50,93;50,94;50,95;50,96;50,97;50,98;50,99;50,100;50,101;50,102;50,103;50,104;51,81;51,82;51,83;51,84;51,85;51,86;51,87;51,88;51,89;51,90;51,91;51,92;51,93;51,94;51,95;51,96;51,97;51,98;51,99;51,100;51,101;51,102;51,103;51,104;51,105;52,80;52,81;52,82;52,83;52,84;52,85;52,86;52,87;52,88;52,89;52,90;52,91;52,92;52,93;52,94;52,95;52,96;52,97;52,98;52,99;52,100;52,101;52,102;52,103;52,104;52,105;52,107;53,80;53,81;53,82;53,83;53,84;53,85;53,86;53,87;53,88;53,89;53,90;53,91;53,92;53,93;53,94;53,95;53,96;53,97;53,98;53,99;53,100;53,101;53,102;53,103;53,104;53,105;53,106;53,107;53,108;54,89;54,90;54,91;54,92;54,93;54,94;54,95;54,96;54,97;54,98;54,99;54,100;54,101;54,102;54,103;54,104;54,105;54,106;54,107;54,108;54,109;55,100;55,101;55,102;55,103;55,104;55,105;55,106;55,107;55,108;55,109;
